
- Worker CPU: peak=37.7%, P95=37.7%, mean=32.6% (n=13)

Open questions for human review:
- DB tup_fetched delta: 723,377,907
Limit  (cost=207813.20..207824.85 rows=100 width=31) (actual time=282.121..314.046 rows=100.00 loops=1)
## Runner's preliminary read
- DB cache hit ratio: 100.00% (605,200,365 hit / 0 read)
- DB active connections peak: 88
- Concurrency P95 grew 25.9x from N=1 to N=80 — possible scaling cliff.
**borderline**
- Aggregate latency: P50=3805.65ms / P95=8739.95ms / P99=12241.58ms

## Recommendation to reviewer
human review — decide tear down + Phase 1 / extend Phase 0 / stop
===HANDOFF_MARKDOWN_END===
  Output: entity_type, entity_id, ((embedding <=> '[-0.03378284,0.034175593,0.021232756,-0.026650913,-0.059481815,-0.016100487,0.012814186,-0.020276668,0.017208776,-0.029995466,0.031114573,0.03150142,0.014894163,0.026163913,0.032905348,0.046795573,-0.011497759,0.009568412,0.002370607,-0.022612581,-0.043077093,0.019839197,0.0018695506,0.009884209,-0.00064292393,0.02069108,0.013229953,-0.023680039,0.00237388,-0.018900335,0.015489795,0.00031222674,0.036623705,0.02226731,0.032533254,0.011910558,0.0135345,-0.039183304,0.009299056,-0.017223578,-0.031673603,0.04179921,-0.023741147,0.040314343,0.028847914,0.0113713285,0.018177284,-0.03440703,0.028671734,-0.036840275,-0.019458286,-0.005731205,0.008738328,0.017555123,0.02431872,0.01578419,-0.06929015,-0.015856033,0.050277,0.0020516184,0.04065598,-0.0005096404,0.018558532,-0.011999696,-0.010620626,-0.006383595,0.06476294,0.005580752,0.012721534,-0.020803805,0.0018616081,-0.038283452,-0.025730146,-0.007520657,0.01893198,0.012833257,0.039083507,0.030254727,-0.0033568642,0.02392915,0.029741012,0.024357583,0.023688752,0.01005437,0.039278757,0.05097107,0.036104046,0.014463292,-0.011282333,-0.008950959,0.002114797,-0.0061854552,-0.013714136,0.0026909707,0.018977575,-0.008228918,0.0033078964,-0.033042453,0.072656855,0.0022680755,0.0029289343,-0.024930207,0.036151327,0.014238144,-0.013313279,-0.04096513,-0.0010772964,-0.007581802,0.033275466,0.028276298,-0.013232317,-0.020529902,0.017049756,0.03696561,-0.00023056788,-0.016446272,-0.0046268934,0.0018502752,0.016640184,-0.041667335,0.03950311,-0.03732564,-0.030817015,-0.07500171,-0.006120629,0.026681036,-0.007519749,-0.019423243,-0.008671689,0.014210391,0.021346249,0.006162223,0.009514277,-0.034600016,-0.02384468,-0.011566211,-0.015427226,0.011930227,0.028900003,0.0009604781,-0.054165073,0.02770073,0.0132169,-0.035384208,-0.052572917,-0.04286797,-0.013577253,0.04503128,-0.052458353,-0.0037268617,-0.030537844,0.018081749,0.044988874,0.0069949776,-0.006007265,0.0020356267,0.012359776,-0.026124666,-0.008350888,-0.022374915,-0.01589052,0.0025792352,-0.013449116,-0.03780941,0.006170852,0.022870215,-0.023530439,0.0023839765,0.008891164,0.023459772,0.048663408,0.0350568,0.0035415457,0.0085616475,0.02262508,-0.030279845,0.022156717,0.015645549,0.013064206,-0.004114584,-0.035843387,0.007156928,0.019264115,0.018014768,-0.008009534,-0.0034750223,-0.050355826,0.009612098,-0.012665908,-0.018142708,-0.009070293,0.024288658,-0.036793236,-0.015839027,0.008803802,-0.00974643,0.022726836,0.009012348,0.009334888,0.0056384527,-0.019815097,0.047670487,-0.06289669,-0.0010059638,0.004925198,-0.023304353,-0.013278733,-0.009041792,-0.005723203,0.012795437,0.028800288,0.008313501,0.024085248,0.051917966,-0.013956953,0.05408402,0.011788403,0.01272483,-0.039638523,-0.03231498,-0.025481261,0.068783276,0.004446382,-0.026151758,0.004169784,-0.0029029592,0.027554655,0.035575382,0.027336659,-0.03474209,0.017400058,-0.00012226532,0.0073621157,0.006449046,-0.014846907,0.015693905,0.009444691,0.04581473,-0.05611886,0.028630301,-0.016332604,-0.0042190123,0.050291736,0.002768898,-0.0208,-0.038540445,-0.054054815,0.006578523,0.010825958,-0.004512009,0.01486221,0.06404928,-0.02166907,0.012344405,0.029069996,-0.021011561,-0.009407894,0.018191777,-0.0018980321,0.012345657,0.014503394,-0.011006668,0.025666524,-0.042504475,0.008377881,-0.025117362,0.050749816,-0.016819777,0.03365892,-0.012217528,-0.04054735,-0.04518673,0.031526987,0.00020261788,-0.0002596139,-0.035642732,0.033147406,-0.01894226,0.00047585965,-0.035722118,-0.059489273,0.0041053323,0.015169668,-0.046922404,0.0044658137,-0.004701355,-0.018500572,-0.060137708,-0.0012057131,-0.047341708,0.031858336,0.0039567156,0.04024084,-0.009700507,-0.0043116068,0.024967277,-0.004460001,0.050011817,-0.045569636,-0.033867702,0.024996998,-0.020846743,-0.0028808222,0.009057752,0.019974086,0.026909351,0.03408844,-0.02549094,0.005837177,-0.02117782,0.00027357842,0.028185854,-0.0024110202,-0.0008004767,0.0021073024,0.029823849,0.009951705,0.06824569,-0.010840176,-0.044441834,0.022139568,0.009706195,0.01368639,0.002517598,-0.039364018,0.008039132,-0.0002184471,0.0021935431,0.032204844,0.008111005,0.034970522,-0.040879738,-0.021510428,-0.047770116,-0.021710837,-0.057675507,0.004872712,-0.03075537,0.013969323,-0.0054707234,0.018459158,0.031627502,-0.037060652,-0.039155107,-0.010840848,-0.0014327802,-0.006540209,-0.0032757288,0.04234148,-0.040337216,-0.0076198266,-0.0022830789,0.007257289,-0.00834211,0.0003023038,-0.0145395,0.028673286,0.016762909,-0.01225053,0.022790112,-0.018780444,-0.0024856217,0.048275318,-0.014726233,0.022797575,-0.027811611,-0.032667734,-0.029799996,0.0146560045,0.014412728,-0.008021264,0.018619614,-0.0030280678,-0.036888078,-0.002471039,0.011442254,0.019921422,0.006853315,0.0031497616,0.031637605,-0.046366293,-0.05823834,0.028356416,0.026758455,0.029153222,-0.0019166782,0.023119548,0.02717188,0.003621636,0.014421514,-0.01651223,-0.0306695,-0.009151214,-0.00068969035,-0.033928767,0.0085128145,0.0056487042,0.020336282,-0.027324762,0.015465902,0.027057894,-0.0086811315,-0.03711274,0.04624778,-0.02389214,0.014959986,0.028926363,0.025310306,0.0050140074,0.026339184,-0.023105416,0.029959818,-0.016210038,-0.0032465872,-0.010493387,-0.029056808,0.013241819,0.012993528,0.0049709254,-0.0060624215,0.006954462,0.0049738316,0.002030262,-0.026918354,-0.050092228,0.017512718,0.05624479,-0.024805615,0.002080899,-0.019084273,-0.023267528,-0.020656716,0.026059745,-0.04588385,0.04067156,0.02144287,-0.008199512,0.0011312561,0.0058833375,0.024165323,-0.002995025,0.03391571,0.016394407,-0.023451505,-0.008325753,0.00058111356,0.0043641455,-0.024446554,-0.009509982,-0.040646594,-0.022554828,0.014519608,0.0055736993,0.005731963,-0.0460409,0.0040793074,-0.0067851944,0.0042544585,0.023512537,0.00871701,-0.0539591,-0.009521183,0.034773823,0.005022473,-0.036390133,0.0038077582,0.010886811,-1.7757888e-05,-0.017725648,0.038014237,0.031209573,0.014718917,0.007984258,0.0018406818,-0.020130329,0.0012158785,0.0037197194,-0.023002766,-0.009943932,0.0022321872,-0.0077514797,-0.021217024,-0.012576885,-0.0023071405,-0.014198178,-0.0062131383,0.0055179372,-0.012807895,0.04394865,0.03332013,0.010259865,-0.009383964,-0.0013955432,0.0073648337,0.006299605,-0.009516403,0.0012590651,0.02003317,0.0077982033,-0.007696766,0.03028638,-0.038675264,-0.043910783,-0.02628775,-0.04802363,0.027580589,-0.050486147,-0.018114017,0.039884605,-0.005193466,-0.011610811,0.009306277,-0.023880493,-0.012518501,0.008060012,0.005033763,-0.015658127,0.008461979,0.020031868,0.06940325,0.07440186,0.03796028,-0.01894396,-0.0037600002,-0.023329405,-0.00673108,0.01850937,-0.008297524,-0.023389902,-0.019606996,-0.007969943,-0.005959515,-0.010304543,-0.025664277,0.023806332,-0.024868509,-0.01406832,0.045614284,0.0067726863,0.005307349,0.02273025,-0.020592704,0.036825787,0.043043625,0.024186194,-0.031121084,-0.021378513,0.015101675,-0.021294765,-0.044825587,-0.028174045,-0.004912697,-0.0067015053,0.04683594,-0.0192578,0.014521519,0.031443212,0.058750637,0.0030291402,-0.0010275296,-0.020003991,0.017929008,-0.007732817,-0.027919728,0.015957495,0.021698011,0.007104354,0.03302292,0.028038267,0.0006303585,-0.053049404,-0.012889857,0.0024082405,0.00072954455,-0.015915383,0.02687621,0.016659219,0.020386832,-0.009186315,-0.012182474,0.014562157,-0.06576557,-0.0045941183,0.0038958846,-0.04265892,0.0068465825,0.0010050685,0.028126895,-0.022679526,-0.018295223,-0.022854183,0.019744668,0.023296703,0.0140963225,-0.004528437,0.028746653,0.02162125,-0.004345049,0.024128228,-0.03102049,-0.008718274,-0.017069314,0.0022711875,-0.0065186764,0.01909191,0.033152897,-0.008967869,-0.051864266,0.018183973,-0.0053482936,-0.01647662,-0.0532111,-0.035750993,0.031844135,-0.018282415,-0.010646218,0.024330301,-0.0058424054,-0.04584473,-0.03564487,-0.039483458,0.00051742647,0.019656025,0.038456965,0.012424416,-0.028654529,0.014240457,0.012292953,-0.02979398,0.008871718,0.055658925,-0.0071030417,-0.01675293,0.0041010827,0.034840174,0.02425797,0.014827505,-0.03457283,0.00022404398,0.011659795,-0.008161548,0.0026681882,-0.026346035,-0.04846991,-0.026169892,0.041272804,0.004649941,0.0112699345,-0.031585924,-0.024497129,0.024084264,-0.018720346,-0.04449258,-0.012491419,0.026189268,0.007828336,-0.00233664,-0.027199792,-0.047524348,-0.0321322,-0.0039754896,0.013774025,0.018524077,-0.015710969,0.016321111,0.0075586964,0.027945308,-0.009739556,-0.081626505,-0.022615578,-0.031814337,0.013147251,0.016159704,-0.03396228,0.039733335,-0.005541999,0.03617241,-0.003982354,0.0062664747,0.06756744,0.03109718,0.018971823,6.2581465e-05,-0.01782268,0.023178555,-0.010567781,-0.0049339617,0.03807137,-0.04626277,0.02259775,0.005589195,-0.014166293,-0.014431756,-0.012725647,-0.013747797,-0.029617796,-0.007240424,0.01369484,-0.026576713,-0.026209194,-0.0018947412,0.01433375,0.025513627,-0.03581057,0.0062012277,-0.06963894,-0.021214131,0.022938957,0.03801197,-0.0018735665,-0.0031149364,-0.017504223,-0.07626354,0.0136765605,-0.010346391,0.023163846,0.00037589774,-0.022670975,-0.0022643236,0.03725994,-0.0067319777,-0.04839458,-0.04112303,0.003875743,0.041517053,0.012842327,-0.02187448,0.008142499,-0.0071139135,0.0019443233,0.03314188,-0.03388101,-0.0093109775,-0.0046845097,0.019946665,0.017363662,0.008033531,0.0035425539,0.03745807,-0.0333352,-0.022860577,0.034126587,0.016626079,-0.02352908,0.009793628,-0.021855794,-0.00085025514,-0.026002018,-0.022923348,-0.01476018,-0.011011865,-0.013858847,-0.002425142,-0.046183452,0.027267957,0.03653016,0.017641112,0.007819099,0.0059499964,-0.023138924,0.009382024,0.0092297485,-0.046360668,-0.014932323,-0.026409345,0.042208206,0.02835827,0.013605929,0.058110185,-0.015616969,-0.025869614,0.02511342,0.013029501,0.04414447,-0.055645127,0.008823829,0.0003617742,-0.049279664,-0.04110011,0.019323308,0.0057648215,-0.016136695,0.01400349,-0.0013229133,0.017078886,-0.039132863,-0.037412617,-0.0019112788,-0.011005271,0.048223693,0.003194818,0.055537615,0.016832396,0.0119492505,-0.025101934,0.065574974,-0.028438762,-0.0069838567,-0.023541162,-0.022166932,0.006844503,-0.00410918,-0.0027526508,-0.01694701,-0.018843614,-0.0008580392,-0.033795774,0.033221938,0.006945939,0.0010073534,0.038898878,0.034252718,-0.0038708376,-5.201319e-05,-0.021592429,-0.0037644594,0.00033461605,0.006451598,0.019291142,0.03454735,-0.014512878,0.008776545,-0.02563523,-0.02113043,0.019099543,0.057919778,-0.016344097,-0.0037903243,0.007994279,0.0021040791,0.028924435,-0.005488408,0.03852606,-0.0015370926,-0.026097434,-0.020484861,-0.0019055512,-0.049150143,-0.038602967,0.002675812,0.021075886,-0.032842714,-0.042484663,-0.047005106,0.035507735,-0.02700062,-0.045424353,-0.018563045,0.024551699,-0.0091651585,-0.022301985,-0.01644321,-0.0062441,0.00037100769,0.019559586,-0.013828052,-0.0064807027,-0.017685838,0.049685765,-0.017651228,0.004993382,0.024860214,0.015244569,-0.008269057,0.037269052,-0.0019319548,0.004770968,-0.00437602,0.014447086,-0.0038336494,-0.0304304,0.022585517,-0.018954273,0.023974366,0.022514671,0.03630083,0.00047995572,0.009095342,-0.0013233951,-0.01756194,0.019793207,-0.0031001563,-0.034622002,0.0143476995,-0.04148649,-0.016744426,-0.0111123705,0.0033388692,-0.031525515,0.0014171348,0.00970126,-0.037651014,-0.01715678,-0.0008395229,0.016226904,-0.0030058464,0.031119298,-0.012987076,-0.032612752,-0.03416527,0.017095473,-0.071336634,0.041842878,0.027699968,-0.017501686,-0.011186167,0.009761038,-0.022512572,-0.0008661841,-0.0493515,-0.057437904,-0.018378748,-0.0019087875,-0.0065769856,-0.0121365525,-0.02578287,0.011253982,-0.035795685,-0.025220398,0.0033947097,-0.031448916,-0.028608773,0.03675843,-0.028839298,-0.005961097,-0.01991613,0.027112124,0.027255122,-0.018931283,-0.016040005,-0.024464335,0.009521227,-0.057582043,0.024814114,0.004739002,0.007635017,-0.011373691,-0.017972002,-0.017004479,0.015433939,0.03405805,-0.05169147,-0.05322586,0.003015423,0.0053530997,-0.008099021,0.01571005,-0.028471319,0.017828362,0.0027859663,-0.015773045,0.0035034285,0.019597692,0.0010379824,0.00025434338,0.00028799943,-0.004892454,-0.0025452795,0.03588186,-0.015876608,-0.030690746,0.012776046,-0.0054897764,-0.030172618,0.017427884,-0.007477826,0.0022919693,-0.03537718,-0.018886507,0.041017525,0.0026518237,-0.032459024,-0.026395774,0.05906852,-0.017574966,-0.024504004,-0.009474207,-0.018394956,-0.03189151,0.0048016487,-0.061630648,-0.027027478,0.007922978,-0.0010063675,0.0033976447,0.0066604847,0.012931613,-0.0549338,0.0018177449,0.039237548,-0.028962517,0.022688448,-0.045729637,-0.004332779,-0.025468268,0.026972532,-0.011485734,0.040761825,-0.021894023,0.014065748,0.015150449,0.016481705,-0.031204263,0.01570073,0.00083330716,-0.013783116,-0.015278765,0.043622315,-0.037280343,-0.034349587,-0.0048982,0.030373389,-0.0022474935,0.049017545,0.00047646323,-0.0064304047,-0.004774386,-0.031145966,-0.013130541,-0.01273253,-0.011632673,-0.007614685,-0.027645076,0.010760619,0.007449136,-0.016290855,0.026965827,-0.0009563396,0.0019630666,-0.003982014,-0.0023456,-0.0044830563,-0.021033157,0.042257436,0.019717352,0.014151229,0.01745044,-0.005616471,-0.022984957,0.014339276,0.037738588,0.01074372,0.010627754,0.025962792,-0.0008719401,-0.013758015,-0.026932672,0.015901716,-0.013250144,-0.046733126,-0.009834721,0.02917232,0.017827656,0.019615132,0.017543728,0.014509673,0.019637208,0.05684891,0.035278592,0.0308713,0.03272154,-0.04564476,-0.008678051,0.017452205,-0.03884163,-0.0078106453,-0.035349358,0.0489962,0.021754194,0.04229904,0.02142488,0.00541962,0.024076749,-0.021295397,-0.00247639,-0.0042029982,-0.0060722614,0.029352937,-0.036749866,-0.004181409,0.002771432,0.046229422,0.005337238,-0.01589534,-0.013672915,0.041092902,-0.003214622,0.046650965,-0.004266634,-0.020325406,0.0059733735,-0.0014146217,-0.016022475,-0.006302273,-0.020295523,-0.023753366,0.0028240671,0.050865527,0.0015484912,0.035892535,-0.0041135442,0.0020215837,0.0361347,-0.010940574,0.060925476,-0.003182242,0.027092854,0.044567503,-0.0035775222,-0.024002569,0.0017754238,-0.030991009,0.024265623,-0.019215623,0.009949198,0.031457577,0.01983114,0.011994629,-0.03723057,0.014757407,-0.029138155,0.020423122,0.021569641,-0.0028344786,0.048058495,-0.016735809,0.0017535439,-0.0023776311,0.012917447,-0.040381305,0.002172033,0.014989678,-0.025023049,-0.034129933,0.032298785,-0.0008625608,0.024589198,-0.022371178,-0.034759942,-0.02864498,-0.04126722,0.02881238,-0.020815134,-0.0050031873,-0.027917704,-0.013600411,-0.0018361975,0.023127975,-0.03298162,-0.036351886,0.016984737,-0.031282168,0.04737044,0.03761902,0.040750273,-0.019637614,0.017535828,-0.014296951,-0.004957263,0.011873837,-0.012838371,0.0008739019,-0.012564091,0.0031771392,-0.045436308,-0.021285268,0.012145816,-0.026578723,0.01992911,0.025198333,0.030441161,-0.025386177,-0.03696164,-0.0014913548,0.013156317,-0.040748194,-0.029153096,0.038026445,-0.009066794,0.019381896,-0.035803277,0.02112826,0.047036715,0.012649449,0.0031335484,0.002335578,-0.011173268,-0.012413438,-0.00067335647,0.014905603,-0.013694477,0.03814714,-0.01920775,0.005154232,-0.0073854737,0.0011196622,-0.009258815,0.016655313,-0.00577215,0.041855313,-0.012803449,0.043760266,0.017290525,-0.053292625,0.022315016,0.0015667655,0.02993405,-0.000755154,0.020648433,0.01631216,-0.01620046,0.00065968785,-0.011216561,0.003864478,0.029877512,0.042723417,-0.018045885,0.029911883,-0.008868253,-0.0062753106,0.042090565,-0.0038327256,0.014325326,0.0095226,0.026299879,-0.0066383495,-0.00419441,-0.05155411,0.02342383,0.002236061,0.007236942,-0.0075891158,0.017337633,0.028405903,0.003656909,-0.01708118,0.027511995,0.04069687,0.00997603,-0.011046718,-0.016863566,0.037854318,0.010702062,0.018355481,0.020138834,0.004972384,-0.019889183,0.0015252508,0.01804405,-0.0072664595,-0.00086677284,0.020900073,-0.004579435,5.385244e-06,0.029970463,0.047307737,-0.030718891,0.0031784445,-0.025051516,0.006375422,-0.01443801,0.0031112854,-0.0009790489,0.032999568,-0.0032339126,0.012396883,0.035313,0.057396237,0.018371051,0.024012664,-0.021594169,0.006428562,0.0056395987,-0.010104518,0.024507558,-0.060976,0.036297325,0.0058506196,-0.01120234,0.03722916,0.01808439,-0.008716414,-0.043295108,0.0018119842,-0.0279366,-0.037017845,0.0079290215,0.021836886,-0.03159731,0.022750676,-0.004756963,0.0023824633,-0.012776406,0.019792048,0.0059118774,0.021487443,-0.013887429,-0.008399577,-0.015666626,-0.012828905,-0.033042144,-0.0035878269,0.015566492,0.015173318,0.068073586,-0.029567588,0.008929038,-0.01623091,-0.040327013,-0.00019635665,0.01876902,-0.037431557,0.009493307,-0.015249728,-0.00468233,-0.034512438,0.02016469,-0.010191535,0.006233409,0.021643335,0.020962883,0.023199841,0.021949321,0.011466231,0.015812313,-0.010323469,-0.017216342,-0.023487082,0.024544153,0.02328889,0.040146958,-0.015048835,-0.017438866,-0.0070976065,-0.050343994,0.029181542,0.015757604,0.012465895,0.030622527,0.02968063,0.052212834,-0.017255154,-0.0028144321,-0.056205217,0.00907168,-0.022533048,0.00049469044,-0.037512705,0.012421196,0.050558694,-0.046915118,0.04321932,0.025352748,0.04568997,-0.009680994,0.004886636,0.041907754,-0.0030051672,-0.020514084,0.027265321,0.00834032,0.020970521,-0.033439483,-0.020419838,-0.03282522,-0.013622398,0.026692694,-0.04482254,0.0027273772,0.048933614,0.018150564,0.009425481,0.03044527,-0.022010526,-0.008286461,0.016353583,-0.0055592484,-0.0048402008,-0.0031342974,0.024308007,-0.059045605,0.00921126,-0.008468749,0.009055232,0.014900965,0.014448916,0.04199644,0.020799445,0.008721112,0.055723388,0.0023590906,0.013712639,0.03149777,0.033367846,-0.023796868,-0.030259287,-0.01615567,0.00030813008,-0.015166902,-0.014543463,-0.019511977,-0.069009304,0.01265529,0.00016920813,0.021776205,-0.0048140725,0.02061355,0.013657498,0.022544926,-0.0067923134,0.016165044,-0.01634112,0.041655947,0.051114492,0.014525317,0.014103702,-0.023635915,0.015163537,0.017455189,0.015932744,-0.0520346,0.019208154,0.001324638,0.023327615,-0.0038480398,0.06680105,0.014352534,-0.0043893857,-0.013760443,-0.018143164,-0.029574854,0.017928109,0.028342387,0.02174023,-0.011500634,0.01679391,0.015553065,0.03235338,-0.02002005,-0.011862927,-0.03246799,-0.023416033,-0.028879674,-0.038034208,0.0191403,-0.024110803,-0.029630939,0.023013487,-0.05242287,-0.0065032328,0.039712552,0.016487908,-0.013647294,-0.014672635,-0.009321151,-0.0076288516,-2.7556282e-05,0.0087399725,-0.019493785,-0.013754587,0.022661325,-0.009026687,0.004590627,0.018042121,0.003556048,0.02199414,-0.027870249,0.04743107,0.01037302,0.013369046,0.022789741,-0.016516615,-0.012921716,-0.017082006,0.009764015,-0.015498989,0.02651557,-0.030197605,-0.040616922,-0.006574648,-0.020865409,-0.025998749,0.0032474136,-0.0024489844,-0.01931724,0.015059974,0.008964016,-0.01067059,0.016230136,-0.023414155,0.018526357,0.01572821,0.0139436545,0.030278238,-0.011214483,-0.023703627,0.0010405312,0.016633496,-0.031142695,0.008459376,0.002766231,-0.044519782,-0.038177714,-0.0018918597,-0.010350369,0.044356167,-0.040313564,-0.012297477,0.050092295,0.030301496,0.0043415115,-0.0065883184,0.0003374103,-0.025911259,-0.0389392,0.020628924,-0.0038498444,-0.028118098,0.01644939,-0.031887427,0.02134589,-0.004593509,0.01908776,0.009207304,0.05143178,-0.003535749,0.02712906,0.025857592,0.057148147,-0.03184609,0.01244112,0.015336403,0.009129634,-0.009147136,0.011514557,0.008895337]'::vector))
  Buffers: shared hit=543714 read=113
  ->  Gather Merge  (cost=207813.20..222268.32 rows=124114 width=31) (actual time=269.516..301.433 rows=100.00 loops=1)
        Output: entity_type, entity_id, ((embedding <=> '[-0.03378284,0.034175593,0.021232756,-0.026650913,-0.059481815,-0.016100487,0.012814186,-0.020276668,0.017208776,-0.029995466,0.031114573,0.03150142,0.014894163,0.026163913,0.032905348,0.046795573,-0.011497759,0.009568412,0.002370607,-0.022612581,-0.043077093,0.019839197,0.0018695506,0.009884209,-0.00064292393,0.02069108,0.013229953,-0.023680039,0.00237388,-0.018900335,0.015489795,0.00031222674,0.036623705,0.02226731,0.032533254,0.011910558,0.0135345,-0.039183304,0.009299056,-0.017223578,-0.031673603,0.04179921,-0.023741147,0.040314343,0.028847914,0.0113713285,0.018177284,-0.03440703,0.028671734,-0.036840275,-0.019458286,-0.005731205,0.008738328,0.017555123,0.02431872,0.01578419,-0.06929015,-0.015856033,0.050277,0.0020516184,0.04065598,-0.0005096404,0.018558532,-0.011999696,-0.010620626,-0.006383595,0.06476294,0.005580752,0.012721534,-0.020803805,0.0018616081,-0.038283452,-0.025730146,-0.007520657,0.01893198,0.012833257,0.039083507,0.030254727,-0.0033568642,0.02392915,0.029741012,0.024357583,0.023688752,0.01005437,0.039278757,0.05097107,0.036104046,0.014463292,-0.011282333,-0.008950959,0.002114797,-0.0061854552,-0.013714136,0.0026909707,0.018977575,-0.008228918,0.0033078964,-0.033042453,0.072656855,0.0022680755,0.0029289343,-0.024930207,0.036151327,0.014238144,-0.013313279,-0.04096513,-0.0010772964,-0.007581802,0.033275466,0.028276298,-0.013232317,-0.020529902,0.017049756,0.03696561,-0.00023056788,-0.016446272,-0.0046268934,0.0018502752,0.016640184,-0.041667335,0.03950311,-0.03732564,-0.030817015,-0.07500171,-0.006120629,0.026681036,-0.007519749,-0.019423243,-0.008671689,0.014210391,0.021346249,0.006162223,0.009514277,-0.034600016,-0.02384468,-0.011566211,-0.015427226,0.011930227,0.028900003,0.0009604781,-0.054165073,0.02770073,0.0132169,-0.035384208,-0.052572917,-0.04286797,-0.013577253,0.04503128,-0.052458353,-0.0037268617,-0.030537844,0.018081749,0.044988874,0.0069949776,-0.006007265,0.0020356267,0.012359776,-0.026124666,-0.008350888,-0.022374915,-0.01589052,0.0025792352,-0.013449116,-0.03780941,0.006170852,0.022870215,-0.023530439,0.0023839765,0.008891164,0.023459772,0.048663408,0.0350568,0.0035415457,0.0085616475,0.02262508,-0.030279845,0.022156717,0.015645549,0.013064206,-0.004114584,-0.035843387,0.007156928,0.019264115,0.018014768,-0.008009534,-0.0034750223,-0.050355826,0.009612098,-0.012665908,-0.018142708,-0.009070293,0.024288658,-0.036793236,-0.015839027,0.008803802,-0.00974643,0.022726836,0.009012348,0.009334888,0.0056384527,-0.019815097,0.047670487,-0.06289669,-0.0010059638,0.004925198,-0.023304353,-0.013278733,-0.009041792,-0.005723203,0.012795437,0.028800288,0.008313501,0.024085248,0.051917966,-0.013956953,0.05408402,0.011788403,0.01272483,-0.039638523,-0.03231498,-0.025481261,0.068783276,0.004446382,-0.026151758,0.004169784,-0.0029029592,0.027554655,0.035575382,0.027336659,-0.03474209,0.017400058,-0.00012226532,0.0073621157,0.006449046,-0.014846907,0.015693905,0.009444691,0.04581473,-0.05611886,0.028630301,-0.016332604,-0.0042190123,0.050291736,0.002768898,-0.0208,-0.038540445,-0.054054815,0.006578523,0.010825958,-0.004512009,0.01486221,0.06404928,-0.02166907,0.012344405,0.029069996,-0.021011561,-0.009407894,0.018191777,-0.0018980321,0.012345657,0.014503394,-0.011006668,0.025666524,-0.042504475,0.008377881,-0.025117362,0.050749816,-0.016819777,0.03365892,-0.012217528,-0.04054735,-0.04518673,0.031526987,0.00020261788,-0.0002596139,-0.035642732,0.033147406,-0.01894226,0.00047585965,-0.035722118,-0.059489273,0.0041053323,0.015169668,-0.046922404,0.0044658137,-0.004701355,-0.018500572,-0.060137708,-0.0012057131,-0.047341708,0.031858336,0.0039567156,0.04024084,-0.009700507,-0.0043116068,0.024967277,-0.004460001,0.050011817,-0.045569636,-0.033867702,0.024996998,-0.020846743,-0.0028808222,0.009057752,0.019974086,0.026909351,0.03408844,-0.02549094,0.005837177,-0.02117782,0.00027357842,0.028185854,-0.0024110202,-0.0008004767,0.0021073024,0.029823849,0.009951705,0.06824569,-0.010840176,-0.044441834,0.022139568,0.009706195,0.01368639,0.002517598,-0.039364018,0.008039132,-0.0002184471,0.0021935431,0.032204844,0.008111005,0.034970522,-0.040879738,-0.021510428,-0.047770116,-0.021710837,-0.057675507,0.004872712,-0.03075537,0.013969323,-0.0054707234,0.018459158,0.031627502,-0.037060652,-0.039155107,-0.010840848,-0.0014327802,-0.006540209,-0.0032757288,0.04234148,-0.040337216,-0.0076198266,-0.0022830789,0.007257289,-0.00834211,0.0003023038,-0.0145395,0.028673286,0.016762909,-0.01225053,0.022790112,-0.018780444,-0.0024856217,0.048275318,-0.014726233,0.022797575,-0.027811611,-0.032667734,-0.029799996,0.0146560045,0.014412728,-0.008021264,0.018619614,-0.0030280678,-0.036888078,-0.002471039,0.011442254,0.019921422,0.006853315,0.0031497616,0.031637605,-0.046366293,-0.05823834,0.028356416,0.026758455,0.029153222,-0.0019166782,0.023119548,0.02717188,0.003621636,0.014421514,-0.01651223,-0.0306695,-0.009151214,-0.00068969035,-0.033928767,0.0085128145,0.0056487042,0.020336282,-0.027324762,0.015465902,0.027057894,-0.0086811315,-0.03711274,0.04624778,-0.02389214,0.014959986,0.028926363,0.025310306,0.0050140074,0.026339184,-0.023105416,0.029959818,-0.016210038,-0.0032465872,-0.010493387,-0.029056808,0.013241819,0.012993528,0.0049709254,-0.0060624215,0.006954462,0.0049738316,0.002030262,-0.026918354,-0.050092228,0.017512718,0.05624479,-0.024805615,0.002080899,-0.019084273,-0.023267528,-0.020656716,0.026059745,-0.04588385,0.04067156,0.02144287,-0.008199512,0.0011312561,0.0058833375,0.024165323,-0.002995025,0.03391571,0.016394407,-0.023451505,-0.008325753,0.00058111356,0.0043641455,-0.024446554,-0.009509982,-0.040646594,-0.022554828,0.014519608,0.0055736993,0.005731963,-0.0460409,0.0040793074,-0.0067851944,0.0042544585,0.023512537,0.00871701,-0.0539591,-0.009521183,0.034773823,0.005022473,-0.036390133,0.0038077582,0.010886811,-1.7757888e-05,-0.017725648,0.038014237,0.031209573,0.014718917,0.007984258,0.0018406818,-0.020130329,0.0012158785,0.0037197194,-0.023002766,-0.009943932,0.0022321872,-0.0077514797,-0.021217024,-0.012576885,-0.0023071405,-0.014198178,-0.0062131383,0.0055179372,-0.012807895,0.04394865,0.03332013,0.010259865,-0.009383964,-0.0013955432,0.0073648337,0.006299605,-0.009516403,0.0012590651,0.02003317,0.0077982033,-0.007696766,0.03028638,-0.038675264,-0.043910783,-0.02628775,-0.04802363,0.027580589,-0.050486147,-0.018114017,0.039884605,-0.005193466,-0.011610811,0.009306277,-0.023880493,-0.012518501,0.008060012,0.005033763,-0.015658127,0.008461979,0.020031868,0.06940325,0.07440186,0.03796028,-0.01894396,-0.0037600002,-0.023329405,-0.00673108,0.01850937,-0.008297524,-0.023389902,-0.019606996,-0.007969943,-0.005959515,-0.010304543,-0.025664277,0.023806332,-0.024868509,-0.01406832,0.045614284,0.0067726863,0.005307349,0.02273025,-0.020592704,0.036825787,0.043043625,0.024186194,-0.031121084,-0.021378513,0.015101675,-0.021294765,-0.044825587,-0.028174045,-0.004912697,-0.0067015053,0.04683594,-0.0192578,0.014521519,0.031443212,0.058750637,0.0030291402,-0.0010275296,-0.020003991,0.017929008,-0.007732817,-0.027919728,0.015957495,0.021698011,0.007104354,0.03302292,0.028038267,0.0006303585,-0.053049404,-0.012889857,0.0024082405,0.00072954455,-0.015915383,0.02687621,0.016659219,0.020386832,-0.009186315,-0.012182474,0.014562157,-0.06576557,-0.0045941183,0.0038958846,-0.04265892,0.0068465825,0.0010050685,0.028126895,-0.022679526,-0.018295223,-0.022854183,0.019744668,0.023296703,0.0140963225,-0.004528437,0.028746653,0.02162125,-0.004345049,0.024128228,-0.03102049,-0.008718274,-0.017069314,0.0022711875,-0.0065186764,0.01909191,0.033152897,-0.008967869,-0.051864266,0.018183973,-0.0053482936,-0.01647662,-0.0532111,-0.035750993,0.031844135,-0.018282415,-0.010646218,0.024330301,-0.0058424054,-0.04584473,-0.03564487,-0.039483458,0.00051742647,0.019656025,0.038456965,0.012424416,-0.028654529,0.014240457,0.012292953,-0.02979398,0.008871718,0.055658925,-0.0071030417,-0.01675293,0.0041010827,0.034840174,0.02425797,0.014827505,-0.03457283,0.00022404398,0.011659795,-0.008161548,0.0026681882,-0.026346035,-0.04846991,-0.026169892,0.041272804,0.004649941,0.0112699345,-0.031585924,-0.024497129,0.024084264,-0.018720346,-0.04449258,-0.012491419,0.026189268,0.007828336,-0.00233664,-0.027199792,-0.047524348,-0.0321322,-0.0039754896,0.013774025,0.018524077,-0.015710969,0.016321111,0.0075586964,0.027945308,-0.009739556,-0.081626505,-0.022615578,-0.031814337,0.013147251,0.016159704,-0.03396228,0.039733335,-0.005541999,0.03617241,-0.003982354,0.0062664747,0.06756744,0.03109718,0.018971823,6.2581465e-05,-0.01782268,0.023178555,-0.010567781,-0.0049339617,0.03807137,-0.04626277,0.02259775,0.005589195,-0.014166293,-0.014431756,-0.012725647,-0.013747797,-0.029617796,-0.007240424,0.01369484,-0.026576713,-0.026209194,-0.0018947412,0.01433375,0.025513627,-0.03581057,0.0062012277,-0.06963894,-0.021214131,0.022938957,0.03801197,-0.0018735665,-0.0031149364,-0.017504223,-0.07626354,0.0136765605,-0.010346391,0.023163846,0.00037589774,-0.022670975,-0.0022643236,0.03725994,-0.0067319777,-0.04839458,-0.04112303,0.003875743,0.041517053,0.012842327,-0.02187448,0.008142499,-0.0071139135,0.0019443233,0.03314188,-0.03388101,-0.0093109775,-0.0046845097,0.019946665,0.017363662,0.008033531,0.0035425539,0.03745807,-0.0333352,-0.022860577,0.034126587,0.016626079,-0.02352908,0.009793628,-0.021855794,-0.00085025514,-0.026002018,-0.022923348,-0.01476018,-0.011011865,-0.013858847,-0.002425142,-0.046183452,0.027267957,0.03653016,0.017641112,0.007819099,0.0059499964,-0.023138924,0.009382024,0.0092297485,-0.046360668,-0.014932323,-0.026409345,0.042208206,0.02835827,0.013605929,0.058110185,-0.015616969,-0.025869614,0.02511342,0.013029501,0.04414447,-0.055645127,0.008823829,0.0003617742,-0.049279664,-0.04110011,0.019323308,0.0057648215,-0.016136695,0.01400349,-0.0013229133,0.017078886,-0.039132863,-0.037412617,-0.0019112788,-0.011005271,0.048223693,0.003194818,0.055537615,0.016832396,0.0119492505,-0.025101934,0.065574974,-0.028438762,-0.0069838567,-0.023541162,-0.022166932,0.006844503,-0.00410918,-0.0027526508,-0.01694701,-0.018843614,-0.0008580392,-0.033795774,0.033221938,0.006945939,0.0010073534,0.038898878,0.034252718,-0.0038708376,-5.201319e-05,-0.021592429,-0.0037644594,0.00033461605,0.006451598,0.019291142,0.03454735,-0.014512878,0.008776545,-0.02563523,-0.02113043,0.019099543,0.057919778,-0.016344097,-0.0037903243,0.007994279,0.0021040791,0.028924435,-0.005488408,0.03852606,-0.0015370926,-0.026097434,-0.020484861,-0.0019055512,-0.049150143,-0.038602967,0.002675812,0.021075886,-0.032842714,-0.042484663,-0.047005106,0.035507735,-0.02700062,-0.045424353,-0.018563045,0.024551699,-0.0091651585,-0.022301985,-0.01644321,-0.0062441,0.00037100769,0.019559586,-0.013828052,-0.0064807027,-0.017685838,0.049685765,-0.017651228,0.004993382,0.024860214,0.015244569,-0.008269057,0.037269052,-0.0019319548,0.004770968,-0.00437602,0.014447086,-0.0038336494,-0.0304304,0.022585517,-0.018954273,0.023974366,0.022514671,0.03630083,0.00047995572,0.009095342,-0.0013233951,-0.01756194,0.019793207,-0.0031001563,-0.034622002,0.0143476995,-0.04148649,-0.016744426,-0.0111123705,0.0033388692,-0.031525515,0.0014171348,0.00970126,-0.037651014,-0.01715678,-0.0008395229,0.016226904,-0.0030058464,0.031119298,-0.012987076,-0.032612752,-0.03416527,0.017095473,-0.071336634,0.041842878,0.027699968,-0.017501686,-0.011186167,0.009761038,-0.022512572,-0.0008661841,-0.0493515,-0.057437904,-0.018378748,-0.0019087875,-0.0065769856,-0.0121365525,-0.02578287,0.011253982,-0.035795685,-0.025220398,0.0033947097,-0.031448916,-0.028608773,0.03675843,-0.028839298,-0.005961097,-0.01991613,0.027112124,0.027255122,-0.018931283,-0.016040005,-0.024464335,0.009521227,-0.057582043,0.024814114,0.004739002,0.007635017,-0.011373691,-0.017972002,-0.017004479,0.015433939,0.03405805,-0.05169147,-0.05322586,0.003015423,0.0053530997,-0.008099021,0.01571005,-0.028471319,0.017828362,0.0027859663,-0.015773045,0.0035034285,0.019597692,0.0010379824,0.00025434338,0.00028799943,-0.004892454,-0.0025452795,0.03588186,-0.015876608,-0.030690746,0.012776046,-0.0054897764,-0.030172618,0.017427884,-0.007477826,0.0022919693,-0.03537718,-0.018886507,0.041017525,0.0026518237,-0.032459024,-0.026395774,0.05906852,-0.017574966,-0.024504004,-0.009474207,-0.018394956,-0.03189151,0.0048016487,-0.061630648,-0.027027478,0.007922978,-0.0010063675,0.0033976447,0.0066604847,0.012931613,-0.0549338,0.0018177449,0.039237548,-0.028962517,0.022688448,-0.045729637,-0.004332779,-0.025468268,0.026972532,-0.011485734,0.040761825,-0.021894023,0.014065748,0.015150449,0.016481705,-0.031204263,0.01570073,0.00083330716,-0.013783116,-0.015278765,0.043622315,-0.037280343,-0.034349587,-0.0048982,0.030373389,-0.0022474935,0.049017545,0.00047646323,-0.0064304047,-0.004774386,-0.031145966,-0.013130541,-0.01273253,-0.011632673,-0.007614685,-0.027645076,0.010760619,0.007449136,-0.016290855,0.026965827,-0.0009563396,0.0019630666,-0.003982014,-0.0023456,-0.0044830563,-0.021033157,0.042257436,0.019717352,0.014151229,0.01745044,-0.005616471,-0.022984957,0.014339276,0.037738588,0.01074372,0.010627754,0.025962792,-0.0008719401,-0.013758015,-0.026932672,0.015901716,-0.013250144,-0.046733126,-0.009834721,0.02917232,0.017827656,0.019615132,0.017543728,0.014509673,0.019637208,0.05684891,0.035278592,0.0308713,0.03272154,-0.04564476,-0.008678051,0.017452205,-0.03884163,-0.0078106453,-0.035349358,0.0489962,0.021754194,0.04229904,0.02142488,0.00541962,0.024076749,-0.021295397,-0.00247639,-0.0042029982,-0.0060722614,0.029352937,-0.036749866,-0.004181409,0.002771432,0.046229422,0.005337238,-0.01589534,-0.013672915,0.041092902,-0.003214622,0.046650965,-0.004266634,-0.020325406,0.0059733735,-0.0014146217,-0.016022475,-0.006302273,-0.020295523,-0.023753366,0.0028240671,0.050865527,0.0015484912,0.035892535,-0.0041135442,0.0020215837,0.0361347,-0.010940574,0.060925476,-0.003182242,0.027092854,0.044567503,-0.0035775222,-0.024002569,0.0017754238,-0.030991009,0.024265623,-0.019215623,0.009949198,0.031457577,0.01983114,0.011994629,-0.03723057,0.014757407,-0.029138155,0.020423122,0.021569641,-0.0028344786,0.048058495,-0.016735809,0.0017535439,-0.0023776311,0.012917447,-0.040381305,0.002172033,0.014989678,-0.025023049,-0.034129933,0.032298785,-0.0008625608,0.024589198,-0.022371178,-0.034759942,-0.02864498,-0.04126722,0.02881238,-0.020815134,-0.0050031873,-0.027917704,-0.013600411,-0.0018361975,0.023127975,-0.03298162,-0.036351886,0.016984737,-0.031282168,0.04737044,0.03761902,0.040750273,-0.019637614,0.017535828,-0.014296951,-0.004957263,0.011873837,-0.012838371,0.0008739019,-0.012564091,0.0031771392,-0.045436308,-0.021285268,0.012145816,-0.026578723,0.01992911,0.025198333,0.030441161,-0.025386177,-0.03696164,-0.0014913548,0.013156317,-0.040748194,-0.029153096,0.038026445,-0.009066794,0.019381896,-0.035803277,0.02112826,0.047036715,0.012649449,0.0031335484,0.002335578,-0.011173268,-0.012413438,-0.00067335647,0.014905603,-0.013694477,0.03814714,-0.01920775,0.005154232,-0.0073854737,0.0011196622,-0.009258815,0.016655313,-0.00577215,0.041855313,-0.012803449,0.043760266,0.017290525,-0.053292625,0.022315016,0.0015667655,0.02993405,-0.000755154,0.020648433,0.01631216,-0.01620046,0.00065968785,-0.011216561,0.003864478,0.029877512,0.042723417,-0.018045885,0.029911883,-0.008868253,-0.0062753106,0.042090565,-0.0038327256,0.014325326,0.0095226,0.026299879,-0.0066383495,-0.00419441,-0.05155411,0.02342383,0.002236061,0.007236942,-0.0075891158,0.017337633,0.028405903,0.003656909,-0.01708118,0.027511995,0.04069687,0.00997603,-0.011046718,-0.016863566,0.037854318,0.010702062,0.018355481,0.020138834,0.004972384,-0.019889183,0.0015252508,0.01804405,-0.0072664595,-0.00086677284,0.020900073,-0.004579435,5.385244e-06,0.029970463,0.047307737,-0.030718891,0.0031784445,-0.025051516,0.006375422,-0.01443801,0.0031112854,-0.0009790489,0.032999568,-0.0032339126,0.012396883,0.035313,0.057396237,0.018371051,0.024012664,-0.021594169,0.006428562,0.0056395987,-0.010104518,0.024507558,-0.060976,0.036297325,0.0058506196,-0.01120234,0.03722916,0.01808439,-0.008716414,-0.043295108,0.0018119842,-0.0279366,-0.037017845,0.0079290215,0.021836886,-0.03159731,0.022750676,-0.004756963,0.0023824633,-0.012776406,0.019792048,0.0059118774,0.021487443,-0.013887429,-0.008399577,-0.015666626,-0.012828905,-0.033042144,-0.0035878269,0.015566492,0.015173318,0.068073586,-0.029567588,0.008929038,-0.01623091,-0.040327013,-0.00019635665,0.01876902,-0.037431557,0.009493307,-0.015249728,-0.00468233,-0.034512438,0.02016469,-0.010191535,0.006233409,0.021643335,0.020962883,0.023199841,0.021949321,0.011466231,0.015812313,-0.010323469,-0.017216342,-0.023487082,0.024544153,0.02328889,0.040146958,-0.015048835,-0.017438866,-0.0070976065,-0.050343994,0.029181542,0.015757604,0.012465895,0.030622527,0.02968063,0.052212834,-0.017255154,-0.0028144321,-0.056205217,0.00907168,-0.022533048,0.00049469044,-0.037512705,0.012421196,0.050558694,-0.046915118,0.04321932,0.025352748,0.04568997,-0.009680994,0.004886636,0.041907754,-0.0030051672,-0.020514084,0.027265321,0.00834032,0.020970521,-0.033439483,-0.020419838,-0.03282522,-0.013622398,0.026692694,-0.04482254,0.0027273772,0.048933614,0.018150564,0.009425481,0.03044527,-0.022010526,-0.008286461,0.016353583,-0.0055592484,-0.0048402008,-0.0031342974,0.024308007,-0.059045605,0.00921126,-0.008468749,0.009055232,0.014900965,0.014448916,0.04199644,0.020799445,0.008721112,0.055723388,0.0023590906,0.013712639,0.03149777,0.033367846,-0.023796868,-0.030259287,-0.01615567,0.00030813008,-0.015166902,-0.014543463,-0.019511977,-0.069009304,0.01265529,0.00016920813,0.021776205,-0.0048140725,0.02061355,0.013657498,0.022544926,-0.0067923134,0.016165044,-0.01634112,0.041655947,0.051114492,0.014525317,0.014103702,-0.023635915,0.015163537,0.017455189,0.015932744,-0.0520346,0.019208154,0.001324638,0.023327615,-0.0038480398,0.06680105,0.014352534,-0.0043893857,-0.013760443,-0.018143164,-0.029574854,0.017928109,0.028342387,0.02174023,-0.011500634,0.01679391,0.015553065,0.03235338,-0.02002005,-0.011862927,-0.03246799,-0.023416033,-0.028879674,-0.038034208,0.0191403,-0.024110803,-0.029630939,0.023013487,-0.05242287,-0.0065032328,0.039712552,0.016487908,-0.013647294,-0.014672635,-0.009321151,-0.0076288516,-2.7556282e-05,0.0087399725,-0.019493785,-0.013754587,0.022661325,-0.009026687,0.004590627,0.018042121,0.003556048,0.02199414,-0.027870249,0.04743107,0.01037302,0.013369046,0.022789741,-0.016516615,-0.012921716,-0.017082006,0.009764015,-0.015498989,0.02651557,-0.030197605,-0.040616922,-0.006574648,-0.020865409,-0.025998749,0.0032474136,-0.0024489844,-0.01931724,0.015059974,0.008964016,-0.01067059,0.016230136,-0.023414155,0.018526357,0.01572821,0.0139436545,0.030278238,-0.011214483,-0.023703627,0.0010405312,0.016633496,-0.031142695,0.008459376,0.002766231,-0.044519782,-0.038177714,-0.0018918597,-0.010350369,0.044356167,-0.040313564,-0.012297477,0.050092295,0.030301496,0.0043415115,-0.0065883184,0.0003374103,-0.025911259,-0.0389392,0.020628924,-0.0038498444,-0.028118098,0.01644939,-0.031887427,0.02134589,-0.004593509,0.01908776,0.009207304,0.05143178,-0.003535749,0.02712906,0.025857592,0.057148147,-0.03184609,0.01244112,0.015336403,0.009129634,-0.009147136,0.011514557,0.008895337]'::vector))
        Workers Planned: 2
        Workers Launched: 2
        Buffers: shared hit=543714 read=113
        ->  Sort  (cost=206813.18..206942.46 rows=51714 width=31) (actual time=256.851..256.862 rows=83.00 loops=3)
              Output: entity_type, entity_id, ((embedding <=> '[-0.03378284,0.034175593,0.021232756,-0.026650913,-0.059481815,-0.016100487,0.012814186,-0.020276668,0.017208776,-0.029995466,0.031114573,0.03150142,0.014894163,0.026163913,0.032905348,0.046795573,-0.011497759,0.009568412,0.002370607,-0.022612581,-0.043077093,0.019839197,0.0018695506,0.009884209,-0.00064292393,0.02069108,0.013229953,-0.023680039,0.00237388,-0.018900335,0.015489795,0.00031222674,0.036623705,0.02226731,0.032533254,0.011910558,0.0135345,-0.039183304,0.009299056,-0.017223578,-0.031673603,0.04179921,-0.023741147,0.040314343,0.028847914,0.0113713285,0.018177284,-0.03440703,0.028671734,-0.036840275,-0.019458286,-0.005731205,0.008738328,0.017555123,0.02431872,0.01578419,-0.06929015,-0.015856033,0.050277,0.0020516184,0.04065598,-0.0005096404,0.018558532,-0.011999696,-0.010620626,-0.006383595,0.06476294,0.005580752,0.012721534,-0.020803805,0.0018616081,-0.038283452,-0.025730146,-0.007520657,0.01893198,0.012833257,0.039083507,0.030254727,-0.0033568642,0.02392915,0.029741012,0.024357583,0.023688752,0.01005437,0.039278757,0.05097107,0.036104046,0.014463292,-0.011282333,-0.008950959,0.002114797,-0.0061854552,-0.013714136,0.0026909707,0.018977575,-0.008228918,0.0033078964,-0.033042453,0.072656855,0.0022680755,0.0029289343,-0.024930207,0.036151327,0.014238144,-0.013313279,-0.04096513,-0.0010772964,-0.007581802,0.033275466,0.028276298,-0.013232317,-0.020529902,0.017049756,0.03696561,-0.00023056788,-0.016446272,-0.0046268934,0.0018502752,0.016640184,-0.041667335,0.03950311,-0.03732564,-0.030817015,-0.07500171,-0.006120629,0.026681036,-0.007519749,-0.019423243,-0.008671689,0.014210391,0.021346249,0.006162223,0.009514277,-0.034600016,-0.02384468,-0.011566211,-0.015427226,0.011930227,0.028900003,0.0009604781,-0.054165073,0.02770073,0.0132169,-0.035384208,-0.052572917,-0.04286797,-0.013577253,0.04503128,-0.052458353,-0.0037268617,-0.030537844,0.018081749,0.044988874,0.0069949776,-0.006007265,0.0020356267,0.012359776,-0.026124666,-0.008350888,-0.022374915,-0.01589052,0.0025792352,-0.013449116,-0.03780941,0.006170852,0.022870215,-0.023530439,0.0023839765,0.008891164,0.023459772,0.048663408,0.0350568,0.0035415457,0.0085616475,0.02262508,-0.030279845,0.022156717,0.015645549,0.013064206,-0.004114584,-0.035843387,0.007156928,0.019264115,0.018014768,-0.008009534,-0.0034750223,-0.050355826,0.009612098,-0.012665908,-0.018142708,-0.009070293,0.024288658,-0.036793236,-0.015839027,0.008803802,-0.00974643,0.022726836,0.009012348,0.009334888,0.0056384527,-0.019815097,0.047670487,-0.06289669,-0.0010059638,0.004925198,-0.023304353,-0.013278733,-0.009041792,-0.005723203,0.012795437,0.028800288,0.008313501,0.024085248,0.051917966,-0.013956953,0.05408402,0.011788403,0.01272483,-0.039638523,-0.03231498,-0.025481261,0.068783276,0.004446382,-0.026151758,0.004169784,-0.0029029592,0.027554655,0.035575382,0.027336659,-0.03474209,0.017400058,-0.00012226532,0.0073621157,0.006449046,-0.014846907,0.015693905,0.009444691,0.04581473,-0.05611886,0.028630301,-0.016332604,-0.0042190123,0.050291736,0.002768898,-0.0208,-0.038540445,-0.054054815,0.006578523,0.010825958,-0.004512009,0.01486221,0.06404928,-0.02166907,0.012344405,0.029069996,-0.021011561,-0.009407894,0.018191777,-0.0018980321,0.012345657,0.014503394,-0.011006668,0.025666524,-0.042504475,0.008377881,-0.025117362,0.050749816,-0.016819777,0.03365892,-0.012217528,-0.04054735,-0.04518673,0.031526987,0.00020261788,-0.0002596139,-0.035642732,0.033147406,-0.01894226,0.00047585965,-0.035722118,-0.059489273,0.0041053323,0.015169668,-0.046922404,0.0044658137,-0.004701355,-0.018500572,-0.060137708,-0.0012057131,-0.047341708,0.031858336,0.0039567156,0.04024084,-0.009700507,-0.0043116068,0.024967277,-0.004460001,0.050011817,-0.045569636,-0.033867702,0.024996998,-0.020846743,-0.0028808222,0.009057752,0.019974086,0.026909351,0.03408844,-0.02549094,0.005837177,-0.02117782,0.00027357842,0.028185854,-0.0024110202,-0.0008004767,0.0021073024,0.029823849,0.009951705,0.06824569,-0.010840176,-0.044441834,0.022139568,0.009706195,0.01368639,0.002517598,-0.039364018,0.008039132,-0.0002184471,0.0021935431,0.032204844,0.008111005,0.034970522,-0.040879738,-0.021510428,-0.047770116,-0.021710837,-0.057675507,0.004872712,-0.03075537,0.013969323,-0.0054707234,0.018459158,0.031627502,-0.037060652,-0.039155107,-0.010840848,-0.0014327802,-0.006540209,-0.0032757288,0.04234148,-0.040337216,-0.0076198266,-0.0022830789,0.007257289,-0.00834211,0.0003023038,-0.0145395,0.028673286,0.016762909,-0.01225053,0.022790112,-0.018780444,-0.0024856217,0.048275318,-0.014726233,0.022797575,-0.027811611,-0.032667734,-0.029799996,0.0146560045,0.014412728,-0.008021264,0.018619614,-0.0030280678,-0.036888078,-0.002471039,0.011442254,0.019921422,0.006853315,0.0031497616,0.031637605,-0.046366293,-0.05823834,0.028356416,0.026758455,0.029153222,-0.0019166782,0.023119548,0.02717188,0.003621636,0.014421514,-0.01651223,-0.0306695,-0.009151214,-0.00068969035,-0.033928767,0.0085128145,0.0056487042,0.020336282,-0.027324762,0.015465902,0.027057894,-0.0086811315,-0.03711274,0.04624778,-0.02389214,0.014959986,0.028926363,0.025310306,0.0050140074,0.026339184,-0.023105416,0.029959818,-0.016210038,-0.0032465872,-0.010493387,-0.029056808,0.013241819,0.012993528,0.0049709254,-0.0060624215,0.006954462,0.0049738316,0.002030262,-0.026918354,-0.050092228,0.017512718,0.05624479,-0.024805615,0.002080899,-0.019084273,-0.023267528,-0.020656716,0.026059745,-0.04588385,0.04067156,0.02144287,-0.008199512,0.0011312561,0.0058833375,0.024165323,-0.002995025,0.03391571,0.016394407,-0.023451505,-0.008325753,0.00058111356,0.0043641455,-0.024446554,-0.009509982,-0.040646594,-0.022554828,0.014519608,0.0055736993,0.005731963,-0.0460409,0.0040793074,-0.0067851944,0.0042544585,0.023512537,0.00871701,-0.0539591,-0.009521183,0.034773823,0.005022473,-0.036390133,0.0038077582,0.010886811,-1.7757888e-05,-0.017725648,0.038014237,0.031209573,0.014718917,0.007984258,0.0018406818,-0.020130329,0.0012158785,0.0037197194,-0.023002766,-0.009943932,0.0022321872,-0.0077514797,-0.021217024,-0.012576885,-0.0023071405,-0.014198178,-0.0062131383,0.0055179372,-0.012807895,0.04394865,0.03332013,0.010259865,-0.009383964,-0.0013955432,0.0073648337,0.006299605,-0.009516403,0.0012590651,0.02003317,0.0077982033,-0.007696766,0.03028638,-0.038675264,-0.043910783,-0.02628775,-0.04802363,0.027580589,-0.050486147,-0.018114017,0.039884605,-0.005193466,-0.011610811,0.009306277,-0.023880493,-0.012518501,0.008060012,0.005033763,-0.015658127,0.008461979,0.020031868,0.06940325,0.07440186,0.03796028,-0.01894396,-0.0037600002,-0.023329405,-0.00673108,0.01850937,-0.008297524,-0.023389902,-0.019606996,-0.007969943,-0.005959515,-0.010304543,-0.025664277,0.023806332,-0.024868509,-0.01406832,0.045614284,0.0067726863,0.005307349,0.02273025,-0.020592704,0.036825787,0.043043625,0.024186194,-0.031121084,-0.021378513,0.015101675,-0.021294765,-0.044825587,-0.028174045,-0.004912697,-0.0067015053,0.04683594,-0.0192578,0.014521519,0.031443212,0.058750637,0.0030291402,-0.0010275296,-0.020003991,0.017929008,-0.007732817,-0.027919728,0.015957495,0.021698011,0.007104354,0.03302292,0.028038267,0.0006303585,-0.053049404,-0.012889857,0.0024082405,0.00072954455,-0.015915383,0.02687621,0.016659219,0.020386832,-0.009186315,-0.012182474,0.014562157,-0.06576557,-0.0045941183,0.0038958846,-0.04265892,0.0068465825,0.0010050685,0.028126895,-0.022679526,-0.018295223,-0.022854183,0.019744668,0.023296703,0.0140963225,-0.004528437,0.028746653,0.02162125,-0.004345049,0.024128228,-0.03102049,-0.008718274,-0.017069314,0.0022711875,-0.0065186764,0.01909191,0.033152897,-0.008967869,-0.051864266,0.018183973,-0.0053482936,-0.01647662,-0.0532111,-0.035750993,0.031844135,-0.018282415,-0.010646218,0.024330301,-0.0058424054,-0.04584473,-0.03564487,-0.039483458,0.00051742647,0.019656025,0.038456965,0.012424416,-0.028654529,0.014240457,0.012292953,-0.02979398,0.008871718,0.055658925,-0.0071030417,-0.01675293,0.0041010827,0.034840174,0.02425797,0.014827505,-0.03457283,0.00022404398,0.011659795,-0.008161548,0.0026681882,-0.026346035,-0.04846991,-0.026169892,0.041272804,0.004649941,0.0112699345,-0.031585924,-0.024497129,0.024084264,-0.018720346,-0.04449258,-0.012491419,0.026189268,0.007828336,-0.00233664,-0.027199792,-0.047524348,-0.0321322,-0.0039754896,0.013774025,0.018524077,-0.015710969,0.016321111,0.0075586964,0.027945308,-0.009739556,-0.081626505,-0.022615578,-0.031814337,0.013147251,0.016159704,-0.03396228,0.039733335,-0.005541999,0.03617241,-0.003982354,0.0062664747,0.06756744,0.03109718,0.018971823,6.2581465e-05,-0.01782268,0.023178555,-0.010567781,-0.0049339617,0.03807137,-0.04626277,0.02259775,0.005589195,-0.014166293,-0.014431756,-0.012725647,-0.013747797,-0.029617796,-0.007240424,0.01369484,-0.026576713,-0.026209194,-0.0018947412,0.01433375,0.025513627,-0.03581057,0.0062012277,-0.06963894,-0.021214131,0.022938957,0.03801197,-0.0018735665,-0.0031149364,-0.017504223,-0.07626354,0.0136765605,-0.010346391,0.023163846,0.00037589774,-0.022670975,-0.0022643236,0.03725994,-0.0067319777,-0.04839458,-0.04112303,0.003875743,0.041517053,0.012842327,-0.02187448,0.008142499,-0.0071139135,0.0019443233,0.03314188,-0.03388101,-0.0093109775,-0.0046845097,0.019946665,0.017363662,0.008033531,0.0035425539,0.03745807,-0.0333352,-0.022860577,0.034126587,0.016626079,-0.02352908,0.009793628,-0.021855794,-0.00085025514,-0.026002018,-0.022923348,-0.01476018,-0.011011865,-0.013858847,-0.002425142,-0.046183452,0.027267957,0.03653016,0.017641112,0.007819099,0.0059499964,-0.023138924,0.009382024,0.0092297485,-0.046360668,-0.014932323,-0.026409345,0.042208206,0.02835827,0.013605929,0.058110185,-0.015616969,-0.025869614,0.02511342,0.013029501,0.04414447,-0.055645127,0.008823829,0.0003617742,-0.049279664,-0.04110011,0.019323308,0.0057648215,-0.016136695,0.01400349,-0.0013229133,0.017078886,-0.039132863,-0.037412617,-0.0019112788,-0.011005271,0.048223693,0.003194818,0.055537615,0.016832396,0.0119492505,-0.025101934,0.065574974,-0.028438762,-0.0069838567,-0.023541162,-0.022166932,0.006844503,-0.00410918,-0.0027526508,-0.01694701,-0.018843614,-0.0008580392,-0.033795774,0.033221938,0.006945939,0.0010073534,0.038898878,0.034252718,-0.0038708376,-5.201319e-05,-0.021592429,-0.0037644594,0.00033461605,0.006451598,0.019291142,0.03454735,-0.014512878,0.008776545,-0.02563523,-0.02113043,0.019099543,0.057919778,-0.016344097,-0.0037903243,0.007994279,0.0021040791,0.028924435,-0.005488408,0.03852606,-0.0015370926,-0.026097434,-0.020484861,-0.0019055512,-0.049150143,-0.038602967,0.002675812,0.021075886,-0.032842714,-0.042484663,-0.047005106,0.035507735,-0.02700062,-0.045424353,-0.018563045,0.024551699,-0.0091651585,-0.022301985,-0.01644321,-0.0062441,0.00037100769,0.019559586,-0.013828052,-0.0064807027,-0.017685838,0.049685765,-0.017651228,0.004993382,0.024860214,0.015244569,-0.008269057,0.037269052,-0.0019319548,0.004770968,-0.00437602,0.014447086,-0.0038336494,-0.0304304,0.022585517,-0.018954273,0.023974366,0.022514671,0.03630083,0.00047995572,0.009095342,-0.0013233951,-0.01756194,0.019793207,-0.0031001563,-0.034622002,0.0143476995,-0.04148649,-0.016744426,-0.0111123705,0.0033388692,-0.031525515,0.0014171348,0.00970126,-0.037651014,-0.01715678,-0.0008395229,0.016226904,-0.0030058464,0.031119298,-0.012987076,-0.032612752,-0.03416527,0.017095473,-0.071336634,0.041842878,0.027699968,-0.017501686,-0.011186167,0.009761038,-0.022512572,-0.0008661841,-0.0493515,-0.057437904,-0.018378748,-0.0019087875,-0.0065769856,-0.0121365525,-0.02578287,0.011253982,-0.035795685,-0.025220398,0.0033947097,-0.031448916,-0.028608773,0.03675843,-0.028839298,-0.005961097,-0.01991613,0.027112124,0.027255122,-0.018931283,-0.016040005,-0.024464335,0.009521227,-0.057582043,0.024814114,0.004739002,0.007635017,-0.011373691,-0.017972002,-0.017004479,0.015433939,0.03405805,-0.05169147,-0.05322586,0.003015423,0.0053530997,-0.008099021,0.01571005,-0.028471319,0.017828362,0.0027859663,-0.015773045,0.0035034285,0.019597692,0.0010379824,0.00025434338,0.00028799943,-0.004892454,-0.0025452795,0.03588186,-0.015876608,-0.030690746,0.012776046,-0.0054897764,-0.030172618,0.017427884,-0.007477826,0.0022919693,-0.03537718,-0.018886507,0.041017525,0.0026518237,-0.032459024,-0.026395774,0.05906852,-0.017574966,-0.024504004,-0.009474207,-0.018394956,-0.03189151,0.0048016487,-0.061630648,-0.027027478,0.007922978,-0.0010063675,0.0033976447,0.0066604847,0.012931613,-0.0549338,0.0018177449,0.039237548,-0.028962517,0.022688448,-0.045729637,-0.004332779,-0.025468268,0.026972532,-0.011485734,0.040761825,-0.021894023,0.014065748,0.015150449,0.016481705,-0.031204263,0.01570073,0.00083330716,-0.013783116,-0.015278765,0.043622315,-0.037280343,-0.034349587,-0.0048982,0.030373389,-0.0022474935,0.049017545,0.00047646323,-0.0064304047,-0.004774386,-0.031145966,-0.013130541,-0.01273253,-0.011632673,-0.007614685,-0.027645076,0.010760619,0.007449136,-0.016290855,0.026965827,-0.0009563396,0.0019630666,-0.003982014,-0.0023456,-0.0044830563,-0.021033157,0.042257436,0.019717352,0.014151229,0.01745044,-0.005616471,-0.022984957,0.014339276,0.037738588,0.01074372,0.010627754,0.025962792,-0.0008719401,-0.013758015,-0.026932672,0.015901716,-0.013250144,-0.046733126,-0.009834721,0.02917232,0.017827656,0.019615132,0.017543728,0.014509673,0.019637208,0.05684891,0.035278592,0.0308713,0.03272154,-0.04564476,-0.008678051,0.017452205,-0.03884163,-0.0078106453,-0.035349358,0.0489962,0.021754194,0.04229904,0.02142488,0.00541962,0.024076749,-0.021295397,-0.00247639,-0.0042029982,-0.0060722614,0.029352937,-0.036749866,-0.004181409,0.002771432,0.046229422,0.005337238,-0.01589534,-0.013672915,0.041092902,-0.003214622,0.046650965,-0.004266634,-0.020325406,0.0059733735,-0.0014146217,-0.016022475,-0.006302273,-0.020295523,-0.023753366,0.0028240671,0.050865527,0.0015484912,0.035892535,-0.0041135442,0.0020215837,0.0361347,-0.010940574,0.060925476,-0.003182242,0.027092854,0.044567503,-0.0035775222,-0.024002569,0.0017754238,-0.030991009,0.024265623,-0.019215623,0.009949198,0.031457577,0.01983114,0.011994629,-0.03723057,0.014757407,-0.029138155,0.020423122,0.021569641,-0.0028344786,0.048058495,-0.016735809,0.0017535439,-0.0023776311,0.012917447,-0.040381305,0.002172033,0.014989678,-0.025023049,-0.034129933,0.032298785,-0.0008625608,0.024589198,-0.022371178,-0.034759942,-0.02864498,-0.04126722,0.02881238,-0.020815134,-0.0050031873,-0.027917704,-0.013600411,-0.0018361975,0.023127975,-0.03298162,-0.036351886,0.016984737,-0.031282168,0.04737044,0.03761902,0.040750273,-0.019637614,0.017535828,-0.014296951,-0.004957263,0.011873837,-0.012838371,0.0008739019,-0.012564091,0.0031771392,-0.045436308,-0.021285268,0.012145816,-0.026578723,0.01992911,0.025198333,0.030441161,-0.025386177,-0.03696164,-0.0014913548,0.013156317,-0.040748194,-0.029153096,0.038026445,-0.009066794,0.019381896,-0.035803277,0.02112826,0.047036715,0.012649449,0.0031335484,0.002335578,-0.011173268,-0.012413438,-0.00067335647,0.014905603,-0.013694477,0.03814714,-0.01920775,0.005154232,-0.0073854737,0.0011196622,-0.009258815,0.016655313,-0.00577215,0.041855313,-0.012803449,0.043760266,0.017290525,-0.053292625,0.022315016,0.0015667655,0.02993405,-0.000755154,0.020648433,0.01631216,-0.01620046,0.00065968785,-0.011216561,0.003864478,0.029877512,0.042723417,-0.018045885,0.029911883,-0.008868253,-0.0062753106,0.042090565,-0.0038327256,0.014325326,0.0095226,0.026299879,-0.0066383495,-0.00419441,-0.05155411,0.02342383,0.002236061,0.007236942,-0.0075891158,0.017337633,0.028405903,0.003656909,-0.01708118,0.027511995,0.04069687,0.00997603,-0.011046718,-0.016863566,0.037854318,0.010702062,0.018355481,0.020138834,0.004972384,-0.019889183,0.0015252508,0.01804405,-0.0072664595,-0.00086677284,0.020900073,-0.004579435,5.385244e-06,0.029970463,0.047307737,-0.030718891,0.0031784445,-0.025051516,0.006375422,-0.01443801,0.0031112854,-0.0009790489,0.032999568,-0.0032339126,0.012396883,0.035313,0.057396237,0.018371051,0.024012664,-0.021594169,0.006428562,0.0056395987,-0.010104518,0.024507558,-0.060976,0.036297325,0.0058506196,-0.01120234,0.03722916,0.01808439,-0.008716414,-0.043295108,0.0018119842,-0.0279366,-0.037017845,0.0079290215,0.021836886,-0.03159731,0.022750676,-0.004756963,0.0023824633,-0.012776406,0.019792048,0.0059118774,0.021487443,-0.013887429,-0.008399577,-0.015666626,-0.012828905,-0.033042144,-0.0035878269,0.015566492,0.015173318,0.068073586,-0.029567588,0.008929038,-0.01623091,-0.040327013,-0.00019635665,0.01876902,-0.037431557,0.009493307,-0.015249728,-0.00468233,-0.034512438,0.02016469,-0.010191535,0.006233409,0.021643335,0.020962883,0.023199841,0.021949321,0.011466231,0.015812313,-0.010323469,-0.017216342,-0.023487082,0.024544153,0.02328889,0.040146958,-0.015048835,-0.017438866,-0.0070976065,-0.050343994,0.029181542,0.015757604,0.012465895,0.030622527,0.02968063,0.052212834,-0.017255154,-0.0028144321,-0.056205217,0.00907168,-0.022533048,0.00049469044,-0.037512705,0.012421196,0.050558694,-0.046915118,0.04321932,0.025352748,0.04568997,-0.009680994,0.004886636,0.041907754,-0.0030051672,-0.020514084,0.027265321,0.00834032,0.020970521,-0.033439483,-0.020419838,-0.03282522,-0.013622398,0.026692694,-0.04482254,0.0027273772,0.048933614,0.018150564,0.009425481,0.03044527,-0.022010526,-0.008286461,0.016353583,-0.0055592484,-0.0048402008,-0.0031342974,0.024308007,-0.059045605,0.00921126,-0.008468749,0.009055232,0.014900965,0.014448916,0.04199644,0.020799445,0.008721112,0.055723388,0.0023590906,0.013712639,0.03149777,0.033367846,-0.023796868,-0.030259287,-0.01615567,0.00030813008,-0.015166902,-0.014543463,-0.019511977,-0.069009304,0.01265529,0.00016920813,0.021776205,-0.0048140725,0.02061355,0.013657498,0.022544926,-0.0067923134,0.016165044,-0.01634112,0.041655947,0.051114492,0.014525317,0.014103702,-0.023635915,0.015163537,0.017455189,0.015932744,-0.0520346,0.019208154,0.001324638,0.023327615,-0.0038480398,0.06680105,0.014352534,-0.0043893857,-0.013760443,-0.018143164,-0.029574854,0.017928109,0.028342387,0.02174023,-0.011500634,0.01679391,0.015553065,0.03235338,-0.02002005,-0.011862927,-0.03246799,-0.023416033,-0.028879674,-0.038034208,0.0191403,-0.024110803,-0.029630939,0.023013487,-0.05242287,-0.0065032328,0.039712552,0.016487908,-0.013647294,-0.014672635,-0.009321151,-0.0076288516,-2.7556282e-05,0.0087399725,-0.019493785,-0.013754587,0.022661325,-0.009026687,0.004590627,0.018042121,0.003556048,0.02199414,-0.027870249,0.04743107,0.01037302,0.013369046,0.022789741,-0.016516615,-0.012921716,-0.017082006,0.009764015,-0.015498989,0.02651557,-0.030197605,-0.040616922,-0.006574648,-0.020865409,-0.025998749,0.0032474136,-0.0024489844,-0.01931724,0.015059974,0.008964016,-0.01067059,0.016230136,-0.023414155,0.018526357,0.01572821,0.0139436545,0.030278238,-0.011214483,-0.023703627,0.0010405312,0.016633496,-0.031142695,0.008459376,0.002766231,-0.044519782,-0.038177714,-0.0018918597,-0.010350369,0.044356167,-0.040313564,-0.012297477,0.050092295,0.030301496,0.0043415115,-0.0065883184,0.0003374103,-0.025911259,-0.0389392,0.020628924,-0.0038498444,-0.028118098,0.01644939,-0.031887427,0.02134589,-0.004593509,0.01908776,0.009207304,0.05143178,-0.003535749,0.02712906,0.025857592,0.057148147,-0.03184609,0.01244112,0.015336403,0.009129634,-0.009147136,0.011514557,0.008895337]'::vector))
              Sort Key: ((content_chunks.embedding <=> '[-0.03378284,0.034175593,0.021232756,-0.026650913,-0.059481815,-0.016100487,0.012814186,-0.020276668,0.017208776,-0.029995466,0.031114573,0.03150142,0.014894163,0.026163913,0.032905348,0.046795573,-0.011497759,0.009568412,0.002370607,-0.022612581,-0.043077093,0.019839197,0.0018695506,0.009884209,-0.00064292393,0.02069108,0.013229953,-0.023680039,0.00237388,-0.018900335,0.015489795,0.00031222674,0.036623705,0.02226731,0.032533254,0.011910558,0.0135345,-0.039183304,0.009299056,-0.017223578,-0.031673603,0.04179921,-0.023741147,0.040314343,0.028847914,0.0113713285,0.018177284,-0.03440703,0.028671734,-0.036840275,-0.019458286,-0.005731205,0.008738328,0.017555123,0.02431872,0.01578419,-0.06929015,-0.015856033,0.050277,0.0020516184,0.04065598,-0.0005096404,0.018558532,-0.011999696,-0.010620626,-0.006383595,0.06476294,0.005580752,0.012721534,-0.020803805,0.0018616081,-0.038283452,-0.025730146,-0.007520657,0.01893198,0.012833257,0.039083507,0.030254727,-0.0033568642,0.02392915,0.029741012,0.024357583,0.023688752,0.01005437,0.039278757,0.05097107,0.036104046,0.014463292,-0.011282333,-0.008950959,0.002114797,-0.0061854552,-0.013714136,0.0026909707,0.018977575,-0.008228918,0.0033078964,-0.033042453,0.072656855,0.0022680755,0.0029289343,-0.024930207,0.036151327,0.014238144,-0.013313279,-0.04096513,-0.0010772964,-0.007581802,0.033275466,0.028276298,-0.013232317,-0.020529902,0.017049756,0.03696561,-0.00023056788,-0.016446272,-0.0046268934,0.0018502752,0.016640184,-0.041667335,0.03950311,-0.03732564,-0.030817015,-0.07500171,-0.006120629,0.026681036,-0.007519749,-0.019423243,-0.008671689,0.014210391,0.021346249,0.006162223,0.009514277,-0.034600016,-0.02384468,-0.011566211,-0.015427226,0.011930227,0.028900003,0.0009604781,-0.054165073,0.02770073,0.0132169,-0.035384208,-0.052572917,-0.04286797,-0.013577253,0.04503128,-0.052458353,-0.0037268617,-0.030537844,0.018081749,0.044988874,0.0069949776,-0.006007265,0.0020356267,0.012359776,-0.026124666,-0.008350888,-0.022374915,-0.01589052,0.0025792352,-0.013449116,-0.03780941,0.006170852,0.022870215,-0.023530439,0.0023839765,0.008891164,0.023459772,0.048663408,0.0350568,0.0035415457,0.0085616475,0.02262508,-0.030279845,0.022156717,0.015645549,0.013064206,-0.004114584,-0.035843387,0.007156928,0.019264115,0.018014768,-0.008009534,-0.0034750223,-0.050355826,0.009612098,-0.012665908,-0.018142708,-0.009070293,0.024288658,-0.036793236,-0.015839027,0.008803802,-0.00974643,0.022726836,0.009012348,0.009334888,0.0056384527,-0.019815097,0.047670487,-0.06289669,-0.0010059638,0.004925198,-0.023304353,-0.013278733,-0.009041792,-0.005723203,0.012795437,0.028800288,0.008313501,0.024085248,0.051917966,-0.013956953,0.05408402,0.011788403,0.01272483,-0.039638523,-0.03231498,-0.025481261,0.068783276,0.004446382,-0.026151758,0.004169784,-0.0029029592,0.027554655,0.035575382,0.027336659,-0.03474209,0.017400058,-0.00012226532,0.0073621157,0.006449046,-0.014846907,0.015693905,0.009444691,0.04581473,-0.05611886,0.028630301,-0.016332604,-0.0042190123,0.050291736,0.002768898,-0.0208,-0.038540445,-0.054054815,0.006578523,0.010825958,-0.004512009,0.01486221,0.06404928,-0.02166907,0.012344405,0.029069996,-0.021011561,-0.009407894,0.018191777,-0.0018980321,0.012345657,0.014503394,-0.011006668,0.025666524,-0.042504475,0.008377881,-0.025117362,0.050749816,-0.016819777,0.03365892,-0.012217528,-0.04054735,-0.04518673,0.031526987,0.00020261788,-0.0002596139,-0.035642732,0.033147406,-0.01894226,0.00047585965,-0.035722118,-0.059489273,0.0041053323,0.015169668,-0.046922404,0.0044658137,-0.004701355,-0.018500572,-0.060137708,-0.0012057131,-0.047341708,0.031858336,0.0039567156,0.04024084,-0.009700507,-0.0043116068,0.024967277,-0.004460001,0.050011817,-0.045569636,-0.033867702,0.024996998,-0.020846743,-0.0028808222,0.009057752,0.019974086,0.026909351,0.03408844,-0.02549094,0.005837177,-0.02117782,0.00027357842,0.028185854,-0.0024110202,-0.0008004767,0.0021073024,0.029823849,0.009951705,0.06824569,-0.010840176,-0.044441834,0.022139568,0.009706195,0.01368639,0.002517598,-0.039364018,0.008039132,-0.0002184471,0.0021935431,0.032204844,0.008111005,0.034970522,-0.040879738,-0.021510428,-0.047770116,-0.021710837,-0.057675507,0.004872712,-0.03075537,0.013969323,-0.0054707234,0.018459158,0.031627502,-0.037060652,-0.039155107,-0.010840848,-0.0014327802,-0.006540209,-0.0032757288,0.04234148,-0.040337216,-0.0076198266,-0.0022830789,0.007257289,-0.00834211,0.0003023038,-0.0145395,0.028673286,0.016762909,-0.01225053,0.022790112,-0.018780444,-0.0024856217,0.048275318,-0.014726233,0.022797575,-0.027811611,-0.032667734,-0.029799996,0.0146560045,0.014412728,-0.008021264,0.018619614,-0.0030280678,-0.036888078,-0.002471039,0.011442254,0.019921422,0.006853315,0.0031497616,0.031637605,-0.046366293,-0.05823834,0.028356416,0.026758455,0.029153222,-0.0019166782,0.023119548,0.02717188,0.003621636,0.014421514,-0.01651223,-0.0306695,-0.009151214,-0.00068969035,-0.033928767,0.0085128145,0.0056487042,0.020336282,-0.027324762,0.015465902,0.027057894,-0.0086811315,-0.03711274,0.04624778,-0.02389214,0.014959986,0.028926363,0.025310306,0.0050140074,0.026339184,-0.023105416,0.029959818,-0.016210038,-0.0032465872,-0.010493387,-0.029056808,0.013241819,0.012993528,0.0049709254,-0.0060624215,0.006954462,0.0049738316,0.002030262,-0.026918354,-0.050092228,0.017512718,0.05624479,-0.024805615,0.002080899,-0.019084273,-0.023267528,-0.020656716,0.026059745,-0.04588385,0.04067156,0.02144287,-0.008199512,0.0011312561,0.0058833375,0.024165323,-0.002995025,0.03391571,0.016394407,-0.023451505,-0.008325753,0.00058111356,0.0043641455,-0.024446554,-0.009509982,-0.040646594,-0.022554828,0.014519608,0.0055736993,0.005731963,-0.0460409,0.0040793074,-0.0067851944,0.0042544585,0.023512537,0.00871701,-0.0539591,-0.009521183,0.034773823,0.005022473,-0.036390133,0.0038077582,0.010886811,-1.7757888e-05,-0.017725648,0.038014237,0.031209573,0.014718917,0.007984258,0.0018406818,-0.020130329,0.0012158785,0.0037197194,-0.023002766,-0.009943932,0.0022321872,-0.0077514797,-0.021217024,-0.012576885,-0.0023071405,-0.014198178,-0.0062131383,0.0055179372,-0.012807895,0.04394865,0.03332013,0.010259865,-0.009383964,-0.0013955432,0.0073648337,0.006299605,-0.009516403,0.0012590651,0.02003317,0.0077982033,-0.007696766,0.03028638,-0.038675264,-0.043910783,-0.02628775,-0.04802363,0.027580589,-0.050486147,-0.018114017,0.039884605,-0.005193466,-0.011610811,0.009306277,-0.023880493,-0.012518501,0.008060012,0.005033763,-0.015658127,0.008461979,0.020031868,0.06940325,0.07440186,0.03796028,-0.01894396,-0.0037600002,-0.023329405,-0.00673108,0.01850937,-0.008297524,-0.023389902,-0.019606996,-0.007969943,-0.005959515,-0.010304543,-0.025664277,0.023806332,-0.024868509,-0.01406832,0.045614284,0.0067726863,0.005307349,0.02273025,-0.020592704,0.036825787,0.043043625,0.024186194,-0.031121084,-0.021378513,0.015101675,-0.021294765,-0.044825587,-0.028174045,-0.004912697,-0.0067015053,0.04683594,-0.0192578,0.014521519,0.031443212,0.058750637,0.0030291402,-0.0010275296,-0.020003991,0.017929008,-0.007732817,-0.027919728,0.015957495,0.021698011,0.007104354,0.03302292,0.028038267,0.0006303585,-0.053049404,-0.012889857,0.0024082405,0.00072954455,-0.015915383,0.02687621,0.016659219,0.020386832,-0.009186315,-0.012182474,0.014562157,-0.06576557,-0.0045941183,0.0038958846,-0.04265892,0.0068465825,0.0010050685,0.028126895,-0.022679526,-0.018295223,-0.022854183,0.019744668,0.023296703,0.0140963225,-0.004528437,0.028746653,0.02162125,-0.004345049,0.024128228,-0.03102049,-0.008718274,-0.017069314,0.0022711875,-0.0065186764,0.01909191,0.033152897,-0.008967869,-0.051864266,0.018183973,-0.0053482936,-0.01647662,-0.0532111,-0.035750993,0.031844135,-0.018282415,-0.010646218,0.024330301,-0.0058424054,-0.04584473,-0.03564487,-0.039483458,0.00051742647,0.019656025,0.038456965,0.012424416,-0.028654529,0.014240457,0.012292953,-0.02979398,0.008871718,0.055658925,-0.0071030417,-0.01675293,0.0041010827,0.034840174,0.02425797,0.014827505,-0.03457283,0.00022404398,0.011659795,-0.008161548,0.0026681882,-0.026346035,-0.04846991,-0.026169892,0.041272804,0.004649941,0.0112699345,-0.031585924,-0.024497129,0.024084264,-0.018720346,-0.04449258,-0.012491419,0.026189268,0.007828336,-0.00233664,-0.027199792,-0.047524348,-0.0321322,-0.0039754896,0.013774025,0.018524077,-0.015710969,0.016321111,0.0075586964,0.027945308,-0.009739556,-0.081626505,-0.022615578,-0.031814337,0.013147251,0.016159704,-0.03396228,0.039733335,-0.005541999,0.03617241,-0.003982354,0.0062664747,0.06756744,0.03109718,0.018971823,6.2581465e-05,-0.01782268,0.023178555,-0.010567781,-0.0049339617,0.03807137,-0.04626277,0.02259775,0.005589195,-0.014166293,-0.014431756,-0.012725647,-0.013747797,-0.029617796,-0.007240424,0.01369484,-0.026576713,-0.026209194,-0.0018947412,0.01433375,0.025513627,-0.03581057,0.0062012277,-0.06963894,-0.021214131,0.022938957,0.03801197,-0.0018735665,-0.0031149364,-0.017504223,-0.07626354,0.0136765605,-0.010346391,0.023163846,0.00037589774,-0.022670975,-0.0022643236,0.03725994,-0.0067319777,-0.04839458,-0.04112303,0.003875743,0.041517053,0.012842327,-0.02187448,0.008142499,-0.0071139135,0.0019443233,0.03314188,-0.03388101,-0.0093109775,-0.0046845097,0.019946665,0.017363662,0.008033531,0.0035425539,0.03745807,-0.0333352,-0.022860577,0.034126587,0.016626079,-0.02352908,0.009793628,-0.021855794,-0.00085025514,-0.026002018,-0.022923348,-0.01476018,-0.011011865,-0.013858847,-0.002425142,-0.046183452,0.027267957,0.03653016,0.017641112,0.007819099,0.0059499964,-0.023138924,0.009382024,0.0092297485,-0.046360668,-0.014932323,-0.026409345,0.042208206,0.02835827,0.013605929,0.058110185,-0.015616969,-0.025869614,0.02511342,0.013029501,0.04414447,-0.055645127,0.008823829,0.0003617742,-0.049279664,-0.04110011,0.019323308,0.0057648215,-0.016136695,0.01400349,-0.0013229133,0.017078886,-0.039132863,-0.037412617,-0.0019112788,-0.011005271,0.048223693,0.003194818,0.055537615,0.016832396,0.0119492505,-0.025101934,0.065574974,-0.028438762,-0.0069838567,-0.023541162,-0.022166932,0.006844503,-0.00410918,-0.0027526508,-0.01694701,-0.018843614,-0.0008580392,-0.033795774,0.033221938,0.006945939,0.0010073534,0.038898878,0.034252718,-0.0038708376,-5.201319e-05,-0.021592429,-0.0037644594,0.00033461605,0.006451598,0.019291142,0.03454735,-0.014512878,0.008776545,-0.02563523,-0.02113043,0.019099543,0.057919778,-0.016344097,-0.0037903243,0.007994279,0.0021040791,0.028924435,-0.005488408,0.03852606,-0.0015370926,-0.026097434,-0.020484861,-0.0019055512,-0.049150143,-0.038602967,0.002675812,0.021075886,-0.032842714,-0.042484663,-0.047005106,0.035507735,-0.02700062,-0.045424353,-0.018563045,0.024551699,-0.0091651585,-0.022301985,-0.01644321,-0.0062441,0.00037100769,0.019559586,-0.013828052,-0.0064807027,-0.017685838,0.049685765,-0.017651228,0.004993382,0.024860214,0.015244569,-0.008269057,0.037269052,-0.0019319548,0.004770968,-0.00437602,0.014447086,-0.0038336494,-0.0304304,0.022585517,-0.018954273,0.023974366,0.022514671,0.03630083,0.00047995572,0.009095342,-0.0013233951,-0.01756194,0.019793207,-0.0031001563,-0.034622002,0.0143476995,-0.04148649,-0.016744426,-0.0111123705,0.0033388692,-0.031525515,0.0014171348,0.00970126,-0.037651014,-0.01715678,-0.0008395229,0.016226904,-0.0030058464,0.031119298,-0.012987076,-0.032612752,-0.03416527,0.017095473,-0.071336634,0.041842878,0.027699968,-0.017501686,-0.011186167,0.009761038,-0.022512572,-0.0008661841,-0.0493515,-0.057437904,-0.018378748,-0.0019087875,-0.0065769856,-0.0121365525,-0.02578287,0.011253982,-0.035795685,-0.025220398,0.0033947097,-0.031448916,-0.028608773,0.03675843,-0.028839298,-0.005961097,-0.01991613,0.027112124,0.027255122,-0.018931283,-0.016040005,-0.024464335,0.009521227,-0.057582043,0.024814114,0.004739002,0.007635017,-0.011373691,-0.017972002,-0.017004479,0.015433939,0.03405805,-0.05169147,-0.05322586,0.003015423,0.0053530997,-0.008099021,0.01571005,-0.028471319,0.017828362,0.0027859663,-0.015773045,0.0035034285,0.019597692,0.0010379824,0.00025434338,0.00028799943,-0.004892454,-0.0025452795,0.03588186,-0.015876608,-0.030690746,0.012776046,-0.0054897764,-0.030172618,0.017427884,-0.007477826,0.0022919693,-0.03537718,-0.018886507,0.041017525,0.0026518237,-0.032459024,-0.026395774,0.05906852,-0.017574966,-0.024504004,-0.009474207,-0.018394956,-0.03189151,0.0048016487,-0.061630648,-0.027027478,0.007922978,-0.0010063675,0.0033976447,0.0066604847,0.012931613,-0.0549338,0.0018177449,0.039237548,-0.028962517,0.022688448,-0.045729637,-0.004332779,-0.025468268,0.026972532,-0.011485734,0.040761825,-0.021894023,0.014065748,0.015150449,0.016481705,-0.031204263,0.01570073,0.00083330716,-0.013783116,-0.015278765,0.043622315,-0.037280343,-0.034349587,-0.0048982,0.030373389,-0.0022474935,0.049017545,0.00047646323,-0.0064304047,-0.004774386,-0.031145966,-0.013130541,-0.01273253,-0.011632673,-0.007614685,-0.027645076,0.010760619,0.007449136,-0.016290855,0.026965827,-0.0009563396,0.0019630666,-0.003982014,-0.0023456,-0.0044830563,-0.021033157,0.042257436,0.019717352,0.014151229,0.01745044,-0.005616471,-0.022984957,0.014339276,0.037738588,0.01074372,0.010627754,0.025962792,-0.0008719401,-0.013758015,-0.026932672,0.015901716,-0.013250144,-0.046733126,-0.009834721,0.02917232,0.017827656,0.019615132,0.017543728,0.014509673,0.019637208,0.05684891,0.035278592,0.0308713,0.03272154,-0.04564476,-0.008678051,0.017452205,-0.03884163,-0.0078106453,-0.035349358,0.0489962,0.021754194,0.04229904,0.02142488,0.00541962,0.024076749,-0.021295397,-0.00247639,-0.0042029982,-0.0060722614,0.029352937,-0.036749866,-0.004181409,0.002771432,0.046229422,0.005337238,-0.01589534,-0.013672915,0.041092902,-0.003214622,0.046650965,-0.004266634,-0.020325406,0.0059733735,-0.0014146217,-0.016022475,-0.006302273,-0.020295523,-0.023753366,0.0028240671,0.050865527,0.0015484912,0.035892535,-0.0041135442,0.0020215837,0.0361347,-0.010940574,0.060925476,-0.003182242,0.027092854,0.044567503,-0.0035775222,-0.024002569,0.0017754238,-0.030991009,0.024265623,-0.019215623,0.009949198,0.031457577,0.01983114,0.011994629,-0.03723057,0.014757407,-0.029138155,0.020423122,0.021569641,-0.0028344786,0.048058495,-0.016735809,0.0017535439,-0.0023776311,0.012917447,-0.040381305,0.002172033,0.014989678,-0.025023049,-0.034129933,0.032298785,-0.0008625608,0.024589198,-0.022371178,-0.034759942,-0.02864498,-0.04126722,0.02881238,-0.020815134,-0.0050031873,-0.027917704,-0.013600411,-0.0018361975,0.023127975,-0.03298162,-0.036351886,0.016984737,-0.031282168,0.04737044,0.03761902,0.040750273,-0.019637614,0.017535828,-0.014296951,-0.004957263,0.011873837,-0.012838371,0.0008739019,-0.012564091,0.0031771392,-0.045436308,-0.021285268,0.012145816,-0.026578723,0.01992911,0.025198333,0.030441161,-0.025386177,-0.03696164,-0.0014913548,0.013156317,-0.040748194,-0.029153096,0.038026445,-0.009066794,0.019381896,-0.035803277,0.02112826,0.047036715,0.012649449,0.0031335484,0.002335578,-0.011173268,-0.012413438,-0.00067335647,0.014905603,-0.013694477,0.03814714,-0.01920775,0.005154232,-0.0073854737,0.0011196622,-0.009258815,0.016655313,-0.00577215,0.041855313,-0.012803449,0.043760266,0.017290525,-0.053292625,0.022315016,0.0015667655,0.02993405,-0.000755154,0.020648433,0.01631216,-0.01620046,0.00065968785,-0.011216561,0.003864478,0.029877512,0.042723417,-0.018045885,0.029911883,-0.008868253,-0.0062753106,0.042090565,-0.0038327256,0.014325326,0.0095226,0.026299879,-0.0066383495,-0.00419441,-0.05155411,0.02342383,0.002236061,0.007236942,-0.0075891158,0.017337633,0.028405903,0.003656909,-0.01708118,0.027511995,0.04069687,0.00997603,-0.011046718,-0.016863566,0.037854318,0.010702062,0.018355481,0.020138834,0.004972384,-0.019889183,0.0015252508,0.01804405,-0.0072664595,-0.00086677284,0.020900073,-0.004579435,5.385244e-06,0.029970463,0.047307737,-0.030718891,0.0031784445,-0.025051516,0.006375422,-0.01443801,0.0031112854,-0.0009790489,0.032999568,-0.0032339126,0.012396883,0.035313,0.057396237,0.018371051,0.024012664,-0.021594169,0.006428562,0.0056395987,-0.010104518,0.024507558,-0.060976,0.036297325,0.0058506196,-0.01120234,0.03722916,0.01808439,-0.008716414,-0.043295108,0.0018119842,-0.0279366,-0.037017845,0.0079290215,0.021836886,-0.03159731,0.022750676,-0.004756963,0.0023824633,-0.012776406,0.019792048,0.0059118774,0.021487443,-0.013887429,-0.008399577,-0.015666626,-0.012828905,-0.033042144,-0.0035878269,0.015566492,0.015173318,0.068073586,-0.029567588,0.008929038,-0.01623091,-0.040327013,-0.00019635665,0.01876902,-0.037431557,0.009493307,-0.015249728,-0.00468233,-0.034512438,0.02016469,-0.010191535,0.006233409,0.021643335,0.020962883,0.023199841,0.021949321,0.011466231,0.015812313,-0.010323469,-0.017216342,-0.023487082,0.024544153,0.02328889,0.040146958,-0.015048835,-0.017438866,-0.0070976065,-0.050343994,0.029181542,0.015757604,0.012465895,0.030622527,0.02968063,0.052212834,-0.017255154,-0.0028144321,-0.056205217,0.00907168,-0.022533048,0.00049469044,-0.037512705,0.012421196,0.050558694,-0.046915118,0.04321932,0.025352748,0.04568997,-0.009680994,0.004886636,0.041907754,-0.0030051672,-0.020514084,0.027265321,0.00834032,0.020970521,-0.033439483,-0.020419838,-0.03282522,-0.013622398,0.026692694,-0.04482254,0.0027273772,0.048933614,0.018150564,0.009425481,0.03044527,-0.022010526,-0.008286461,0.016353583,-0.0055592484,-0.0048402008,-0.0031342974,0.024308007,-0.059045605,0.00921126,-0.008468749,0.009055232,0.014900965,0.014448916,0.04199644,0.020799445,0.008721112,0.055723388,0.0023590906,0.013712639,0.03149777,0.033367846,-0.023796868,-0.030259287,-0.01615567,0.00030813008,-0.015166902,-0.014543463,-0.019511977,-0.069009304,0.01265529,0.00016920813,0.021776205,-0.0048140725,0.02061355,0.013657498,0.022544926,-0.0067923134,0.016165044,-0.01634112,0.041655947,0.051114492,0.014525317,0.014103702,-0.023635915,0.015163537,0.017455189,0.015932744,-0.0520346,0.019208154,0.001324638,0.023327615,-0.0038480398,0.06680105,0.014352534,-0.0043893857,-0.013760443,-0.018143164,-0.029574854,0.017928109,0.028342387,0.02174023,-0.011500634,0.01679391,0.015553065,0.03235338,-0.02002005,-0.011862927,-0.03246799,-0.023416033,-0.028879674,-0.038034208,0.0191403,-0.024110803,-0.029630939,0.023013487,-0.05242287,-0.0065032328,0.039712552,0.016487908,-0.013647294,-0.014672635,-0.009321151,-0.0076288516,-2.7556282e-05,0.0087399725,-0.019493785,-0.013754587,0.022661325,-0.009026687,0.004590627,0.018042121,0.003556048,0.02199414,-0.027870249,0.04743107,0.01037302,0.013369046,0.022789741,-0.016516615,-0.012921716,-0.017082006,0.009764015,-0.015498989,0.02651557,-0.030197605,-0.040616922,-0.006574648,-0.020865409,-0.025998749,0.0032474136,-0.0024489844,-0.01931724,0.015059974,0.008964016,-0.01067059,0.016230136,-0.023414155,0.018526357,0.01572821,0.0139436545,0.030278238,-0.011214483,-0.023703627,0.0010405312,0.016633496,-0.031142695,0.008459376,0.002766231,-0.044519782,-0.038177714,-0.0018918597,-0.010350369,0.044356167,-0.040313564,-0.012297477,0.050092295,0.030301496,0.0043415115,-0.0065883184,0.0003374103,-0.025911259,-0.0389392,0.020628924,-0.0038498444,-0.028118098,0.01644939,-0.031887427,0.02134589,-0.004593509,0.01908776,0.009207304,0.05143178,-0.003535749,0.02712906,0.025857592,0.057148147,-0.03184609,0.01244112,0.015336403,0.009129634,-0.009147136,0.011514557,0.008895337]'::vector))
              Sort Method: top-N heapsort  Memory: 37kB
              Buffers: shared hit=543714 read=113
              Worker 0:  actual time=250.825..250.837 rows=100.00 loops=1
                Sort Method: top-N heapsort  Memory: 37kB
                JIT:
                  Functions: 4
                  Options: Inlining false, Optimization false, Expressions true, Deforming true
                  Timing: Generation 0.240 ms (Deform 0.098 ms), Inlining 0.000 ms, Optimization 0.213 ms, Emission 2.624 ms, Total 3.076 ms
                Buffers: shared hit=160395
              Worker 1:  actual time=250.756..250.769 rows=100.00 loops=1
                Sort Method: top-N heapsort  Memory: 37kB
                JIT:
                  Functions: 4
                  Options: Inlining false, Optimization false, Expressions true, Deforming true
                  Timing: Generation 0.269 ms (Deform 0.129 ms), Inlining 0.000 ms, Optimization 0.181 ms, Emission 2.625 ms, Total 3.076 ms
                Buffers: shared hit=163914
              ->  Parallel Bitmap Heap Scan on public.content_chunks  (cost=1390.31..204836.70 rows=51714 width=31) (actual time=4.915..251.017 rows=43333.33 loops=3)
                    Output: entity_type, entity_id, (embedding <=> '[-0.03378284,0.034175593,0.021232756,-0.026650913,-0.059481815,-0.016100487,0.012814186,-0.020276668,0.017208776,-0.029995466,0.031114573,0.03150142,0.014894163,0.026163913,0.032905348,0.046795573,-0.011497759,0.009568412,0.002370607,-0.022612581,-0.043077093,0.019839197,0.0018695506,0.009884209,-0.00064292393,0.02069108,0.013229953,-0.023680039,0.00237388,-0.018900335,0.015489795,0.00031222674,0.036623705,0.02226731,0.032533254,0.011910558,0.0135345,-0.039183304,0.009299056,-0.017223578,-0.031673603,0.04179921,-0.023741147,0.040314343,0.028847914,0.0113713285,0.018177284,-0.03440703,0.028671734,-0.036840275,-0.019458286,-0.005731205,0.008738328,0.017555123,0.02431872,0.01578419,-0.06929015,-0.015856033,0.050277,0.0020516184,0.04065598,-0.0005096404,0.018558532,-0.011999696,-0.010620626,-0.006383595,0.06476294,0.005580752,0.012721534,-0.020803805,0.0018616081,-0.038283452,-0.025730146,-0.007520657,0.01893198,0.012833257,0.039083507,0.030254727,-0.0033568642,0.02392915,0.029741012,0.024357583,0.023688752,0.01005437,0.039278757,0.05097107,0.036104046,0.014463292,-0.011282333,-0.008950959,0.002114797,-0.0061854552,-0.013714136,0.0026909707,0.018977575,-0.008228918,0.0033078964,-0.033042453,0.072656855,0.0022680755,0.0029289343,-0.024930207,0.036151327,0.014238144,-0.013313279,-0.04096513,-0.0010772964,-0.007581802,0.033275466,0.028276298,-0.013232317,-0.020529902,0.017049756,0.03696561,-0.00023056788,-0.016446272,-0.0046268934,0.0018502752,0.016640184,-0.041667335,0.03950311,-0.03732564,-0.030817015,-0.07500171,-0.006120629,0.026681036,-0.007519749,-0.019423243,-0.008671689,0.014210391,0.021346249,0.006162223,0.009514277,-0.034600016,-0.02384468,-0.011566211,-0.015427226,0.011930227,0.028900003,0.0009604781,-0.054165073,0.02770073,0.0132169,-0.035384208,-0.052572917,-0.04286797,-0.013577253,0.04503128,-0.052458353,-0.0037268617,-0.030537844,0.018081749,0.044988874,0.0069949776,-0.006007265,0.0020356267,0.012359776,-0.026124666,-0.008350888,-0.022374915,-0.01589052,0.0025792352,-0.013449116,-0.03780941,0.006170852,0.022870215,-0.023530439,0.0023839765,0.008891164,0.023459772,0.048663408,0.0350568,0.0035415457,0.0085616475,0.02262508,-0.030279845,0.022156717,0.015645549,0.013064206,-0.004114584,-0.035843387,0.007156928,0.019264115,0.018014768,-0.008009534,-0.0034750223,-0.050355826,0.009612098,-0.012665908,-0.018142708,-0.009070293,0.024288658,-0.036793236,-0.015839027,0.008803802,-0.00974643,0.022726836,0.009012348,0.009334888,0.0056384527,-0.019815097,0.047670487,-0.06289669,-0.0010059638,0.004925198,-0.023304353,-0.013278733,-0.009041792,-0.005723203,0.012795437,0.028800288,0.008313501,0.024085248,0.051917966,-0.013956953,0.05408402,0.011788403,0.01272483,-0.039638523,-0.03231498,-0.025481261,0.068783276,0.004446382,-0.026151758,0.004169784,-0.0029029592,0.027554655,0.035575382,0.027336659,-0.03474209,0.017400058,-0.00012226532,0.0073621157,0.006449046,-0.014846907,0.015693905,0.009444691,0.04581473,-0.05611886,0.028630301,-0.016332604,-0.0042190123,0.050291736,0.002768898,-0.0208,-0.038540445,-0.054054815,0.006578523,0.010825958,-0.004512009,0.01486221,0.06404928,-0.02166907,0.012344405,0.029069996,-0.021011561,-0.009407894,0.018191777,-0.0018980321,0.012345657,0.014503394,-0.011006668,0.025666524,-0.042504475,0.008377881,-0.025117362,0.050749816,-0.016819777,0.03365892,-0.012217528,-0.04054735,-0.04518673,0.031526987,0.00020261788,-0.0002596139,-0.035642732,0.033147406,-0.01894226,0.00047585965,-0.035722118,-0.059489273,0.0041053323,0.015169668,-0.046922404,0.0044658137,-0.004701355,-0.018500572,-0.060137708,-0.0012057131,-0.047341708,0.031858336,0.0039567156,0.04024084,-0.009700507,-0.0043116068,0.024967277,-0.004460001,0.050011817,-0.045569636,-0.033867702,0.024996998,-0.020846743,-0.0028808222,0.009057752,0.019974086,0.026909351,0.03408844,-0.02549094,0.005837177,-0.02117782,0.00027357842,0.028185854,-0.0024110202,-0.0008004767,0.0021073024,0.029823849,0.009951705,0.06824569,-0.010840176,-0.044441834,0.022139568,0.009706195,0.01368639,0.002517598,-0.039364018,0.008039132,-0.0002184471,0.0021935431,0.032204844,0.008111005,0.034970522,-0.040879738,-0.021510428,-0.047770116,-0.021710837,-0.057675507,0.004872712,-0.03075537,0.013969323,-0.0054707234,0.018459158,0.031627502,-0.037060652,-0.039155107,-0.010840848,-0.0014327802,-0.006540209,-0.0032757288,0.04234148,-0.040337216,-0.0076198266,-0.0022830789,0.007257289,-0.00834211,0.0003023038,-0.0145395,0.028673286,0.016762909,-0.01225053,0.022790112,-0.018780444,-0.0024856217,0.048275318,-0.014726233,0.022797575,-0.027811611,-0.032667734,-0.029799996,0.0146560045,0.014412728,-0.008021264,0.018619614,-0.0030280678,-0.036888078,-0.002471039,0.011442254,0.019921422,0.006853315,0.0031497616,0.031637605,-0.046366293,-0.05823834,0.028356416,0.026758455,0.029153222,-0.0019166782,0.023119548,0.02717188,0.003621636,0.014421514,-0.01651223,-0.0306695,-0.009151214,-0.00068969035,-0.033928767,0.0085128145,0.0056487042,0.020336282,-0.027324762,0.015465902,0.027057894,-0.0086811315,-0.03711274,0.04624778,-0.02389214,0.014959986,0.028926363,0.025310306,0.0050140074,0.026339184,-0.023105416,0.029959818,-0.016210038,-0.0032465872,-0.010493387,-0.029056808,0.013241819,0.012993528,0.0049709254,-0.0060624215,0.006954462,0.0049738316,0.002030262,-0.026918354,-0.050092228,0.017512718,0.05624479,-0.024805615,0.002080899,-0.019084273,-0.023267528,-0.020656716,0.026059745,-0.04588385,0.04067156,0.02144287,-0.008199512,0.0011312561,0.0058833375,0.024165323,-0.002995025,0.03391571,0.016394407,-0.023451505,-0.008325753,0.00058111356,0.0043641455,-0.024446554,-0.009509982,-0.040646594,-0.022554828,0.014519608,0.0055736993,0.005731963,-0.0460409,0.0040793074,-0.0067851944,0.0042544585,0.023512537,0.00871701,-0.0539591,-0.009521183,0.034773823,0.005022473,-0.036390133,0.0038077582,0.010886811,-1.7757888e-05,-0.017725648,0.038014237,0.031209573,0.014718917,0.007984258,0.0018406818,-0.020130329,0.0012158785,0.0037197194,-0.023002766,-0.009943932,0.0022321872,-0.0077514797,-0.021217024,-0.012576885,-0.0023071405,-0.014198178,-0.0062131383,0.0055179372,-0.012807895,0.04394865,0.03332013,0.010259865,-0.009383964,-0.0013955432,0.0073648337,0.006299605,-0.009516403,0.0012590651,0.02003317,0.0077982033,-0.007696766,0.03028638,-0.038675264,-0.043910783,-0.02628775,-0.04802363,0.027580589,-0.050486147,-0.018114017,0.039884605,-0.005193466,-0.011610811,0.009306277,-0.023880493,-0.012518501,0.008060012,0.005033763,-0.015658127,0.008461979,0.020031868,0.06940325,0.07440186,0.03796028,-0.01894396,-0.0037600002,-0.023329405,-0.00673108,0.01850937,-0.008297524,-0.023389902,-0.019606996,-0.007969943,-0.005959515,-0.010304543,-0.025664277,0.023806332,-0.024868509,-0.01406832,0.045614284,0.0067726863,0.005307349,0.02273025,-0.020592704,0.036825787,0.043043625,0.024186194,-0.031121084,-0.021378513,0.015101675,-0.021294765,-0.044825587,-0.028174045,-0.004912697,-0.0067015053,0.04683594,-0.0192578,0.014521519,0.031443212,0.058750637,0.0030291402,-0.0010275296,-0.020003991,0.017929008,-0.007732817,-0.027919728,0.015957495,0.021698011,0.007104354,0.03302292,0.028038267,0.0006303585,-0.053049404,-0.012889857,0.0024082405,0.00072954455,-0.015915383,0.02687621,0.016659219,0.020386832,-0.009186315,-0.012182474,0.014562157,-0.06576557,-0.0045941183,0.0038958846,-0.04265892,0.0068465825,0.0010050685,0.028126895,-0.022679526,-0.018295223,-0.022854183,0.019744668,0.023296703,0.0140963225,-0.004528437,0.028746653,0.02162125,-0.004345049,0.024128228,-0.03102049,-0.008718274,-0.017069314,0.0022711875,-0.0065186764,0.01909191,0.033152897,-0.008967869,-0.051864266,0.018183973,-0.0053482936,-0.01647662,-0.0532111,-0.035750993,0.031844135,-0.018282415,-0.010646218,0.024330301,-0.0058424054,-0.04584473,-0.03564487,-0.039483458,0.00051742647,0.019656025,0.038456965,0.012424416,-0.028654529,0.014240457,0.012292953,-0.02979398,0.008871718,0.055658925,-0.0071030417,-0.01675293,0.0041010827,0.034840174,0.02425797,0.014827505,-0.03457283,0.00022404398,0.011659795,-0.008161548,0.0026681882,-0.026346035,-0.04846991,-0.026169892,0.041272804,0.004649941,0.0112699345,-0.031585924,-0.024497129,0.024084264,-0.018720346,-0.04449258,-0.012491419,0.026189268,0.007828336,-0.00233664,-0.027199792,-0.047524348,-0.0321322,-0.0039754896,0.013774025,0.018524077,-0.015710969,0.016321111,0.0075586964,0.027945308,-0.009739556,-0.081626505,-0.022615578,-0.031814337,0.013147251,0.016159704,-0.03396228,0.039733335,-0.005541999,0.03617241,-0.003982354,0.0062664747,0.06756744,0.03109718,0.018971823,6.2581465e-05,-0.01782268,0.023178555,-0.010567781,-0.0049339617,0.03807137,-0.04626277,0.02259775,0.005589195,-0.014166293,-0.014431756,-0.012725647,-0.013747797,-0.029617796,-0.007240424,0.01369484,-0.026576713,-0.026209194,-0.0018947412,0.01433375,0.025513627,-0.03581057,0.0062012277,-0.06963894,-0.021214131,0.022938957,0.03801197,-0.0018735665,-0.0031149364,-0.017504223,-0.07626354,0.0136765605,-0.010346391,0.023163846,0.00037589774,-0.022670975,-0.0022643236,0.03725994,-0.0067319777,-0.04839458,-0.04112303,0.003875743,0.041517053,0.012842327,-0.02187448,0.008142499,-0.0071139135,0.0019443233,0.03314188,-0.03388101,-0.0093109775,-0.0046845097,0.019946665,0.017363662,0.008033531,0.0035425539,0.03745807,-0.0333352,-0.022860577,0.034126587,0.016626079,-0.02352908,0.009793628,-0.021855794,-0.00085025514,-0.026002018,-0.022923348,-0.01476018,-0.011011865,-0.013858847,-0.002425142,-0.046183452,0.027267957,0.03653016,0.017641112,0.007819099,0.0059499964,-0.023138924,0.009382024,0.0092297485,-0.046360668,-0.014932323,-0.026409345,0.042208206,0.02835827,0.013605929,0.058110185,-0.015616969,-0.025869614,0.02511342,0.013029501,0.04414447,-0.055645127,0.008823829,0.0003617742,-0.049279664,-0.04110011,0.019323308,0.0057648215,-0.016136695,0.01400349,-0.0013229133,0.017078886,-0.039132863,-0.037412617,-0.0019112788,-0.011005271,0.048223693,0.003194818,0.055537615,0.016832396,0.0119492505,-0.025101934,0.065574974,-0.028438762,-0.0069838567,-0.023541162,-0.022166932,0.006844503,-0.00410918,-0.0027526508,-0.01694701,-0.018843614,-0.0008580392,-0.033795774,0.033221938,0.006945939,0.0010073534,0.038898878,0.034252718,-0.0038708376,-5.201319e-05,-0.021592429,-0.0037644594,0.00033461605,0.006451598,0.019291142,0.03454735,-0.014512878,0.008776545,-0.02563523,-0.02113043,0.019099543,0.057919778,-0.016344097,-0.0037903243,0.007994279,0.0021040791,0.028924435,-0.005488408,0.03852606,-0.0015370926,-0.026097434,-0.020484861,-0.0019055512,-0.049150143,-0.038602967,0.002675812,0.021075886,-0.032842714,-0.042484663,-0.047005106,0.035507735,-0.02700062,-0.045424353,-0.018563045,0.024551699,-0.0091651585,-0.022301985,-0.01644321,-0.0062441,0.00037100769,0.019559586,-0.013828052,-0.0064807027,-0.017685838,0.049685765,-0.017651228,0.004993382,0.024860214,0.015244569,-0.008269057,0.037269052,-0.0019319548,0.004770968,-0.00437602,0.014447086,-0.0038336494,-0.0304304,0.022585517,-0.018954273,0.023974366,0.022514671,0.03630083,0.00047995572,0.009095342,-0.0013233951,-0.01756194,0.019793207,-0.0031001563,-0.034622002,0.0143476995,-0.04148649,-0.016744426,-0.0111123705,0.0033388692,-0.031525515,0.0014171348,0.00970126,-0.037651014,-0.01715678,-0.0008395229,0.016226904,-0.0030058464,0.031119298,-0.012987076,-0.032612752,-0.03416527,0.017095473,-0.071336634,0.041842878,0.027699968,-0.017501686,-0.011186167,0.009761038,-0.022512572,-0.0008661841,-0.0493515,-0.057437904,-0.018378748,-0.0019087875,-0.0065769856,-0.0121365525,-0.02578287,0.011253982,-0.035795685,-0.025220398,0.0033947097,-0.031448916,-0.028608773,0.03675843,-0.028839298,-0.005961097,-0.01991613,0.027112124,0.027255122,-0.018931283,-0.016040005,-0.024464335,0.009521227,-0.057582043,0.024814114,0.004739002,0.007635017,-0.011373691,-0.017972002,-0.017004479,0.015433939,0.03405805,-0.05169147,-0.05322586,0.003015423,0.0053530997,-0.008099021,0.01571005,-0.028471319,0.017828362,0.0027859663,-0.015773045,0.0035034285,0.019597692,0.0010379824,0.00025434338,0.00028799943,-0.004892454,-0.0025452795,0.03588186,-0.015876608,-0.030690746,0.012776046,-0.0054897764,-0.030172618,0.017427884,-0.007477826,0.0022919693,-0.03537718,-0.018886507,0.041017525,0.0026518237,-0.032459024,-0.026395774,0.05906852,-0.017574966,-0.024504004,-0.009474207,-0.018394956,-0.03189151,0.0048016487,-0.061630648,-0.027027478,0.007922978,-0.0010063675,0.0033976447,0.0066604847,0.012931613,-0.0549338,0.0018177449,0.039237548,-0.028962517,0.022688448,-0.045729637,-0.004332779,-0.025468268,0.026972532,-0.011485734,0.040761825,-0.021894023,0.014065748,0.015150449,0.016481705,-0.031204263,0.01570073,0.00083330716,-0.013783116,-0.015278765,0.043622315,-0.037280343,-0.034349587,-0.0048982,0.030373389,-0.0022474935,0.049017545,0.00047646323,-0.0064304047,-0.004774386,-0.031145966,-0.013130541,-0.01273253,-0.011632673,-0.007614685,-0.027645076,0.010760619,0.007449136,-0.016290855,0.026965827,-0.0009563396,0.0019630666,-0.003982014,-0.0023456,-0.0044830563,-0.021033157,0.042257436,0.019717352,0.014151229,0.01745044,-0.005616471,-0.022984957,0.014339276,0.037738588,0.01074372,0.010627754,0.025962792,-0.0008719401,-0.013758015,-0.026932672,0.015901716,-0.013250144,-0.046733126,-0.009834721,0.02917232,0.017827656,0.019615132,0.017543728,0.014509673,0.019637208,0.05684891,0.035278592,0.0308713,0.03272154,-0.04564476,-0.008678051,0.017452205,-0.03884163,-0.0078106453,-0.035349358,0.0489962,0.021754194,0.04229904,0.02142488,0.00541962,0.024076749,-0.021295397,-0.00247639,-0.0042029982,-0.0060722614,0.029352937,-0.036749866,-0.004181409,0.002771432,0.046229422,0.005337238,-0.01589534,-0.013672915,0.041092902,-0.003214622,0.046650965,-0.004266634,-0.020325406,0.0059733735,-0.0014146217,-0.016022475,-0.006302273,-0.020295523,-0.023753366,0.0028240671,0.050865527,0.0015484912,0.035892535,-0.0041135442,0.0020215837,0.0361347,-0.010940574,0.060925476,-0.003182242,0.027092854,0.044567503,-0.0035775222,-0.024002569,0.0017754238,-0.030991009,0.024265623,-0.019215623,0.009949198,0.031457577,0.01983114,0.011994629,-0.03723057,0.014757407,-0.029138155,0.020423122,0.021569641,-0.0028344786,0.048058495,-0.016735809,0.0017535439,-0.0023776311,0.012917447,-0.040381305,0.002172033,0.014989678,-0.025023049,-0.034129933,0.032298785,-0.0008625608,0.024589198,-0.022371178,-0.034759942,-0.02864498,-0.04126722,0.02881238,-0.020815134,-0.0050031873,-0.027917704,-0.013600411,-0.0018361975,0.023127975,-0.03298162,-0.036351886,0.016984737,-0.031282168,0.04737044,0.03761902,0.040750273,-0.019637614,0.017535828,-0.014296951,-0.004957263,0.011873837,-0.012838371,0.0008739019,-0.012564091,0.0031771392,-0.045436308,-0.021285268,0.012145816,-0.026578723,0.01992911,0.025198333,0.030441161,-0.025386177,-0.03696164,-0.0014913548,0.013156317,-0.040748194,-0.029153096,0.038026445,-0.009066794,0.019381896,-0.035803277,0.02112826,0.047036715,0.012649449,0.0031335484,0.002335578,-0.011173268,-0.012413438,-0.00067335647,0.014905603,-0.013694477,0.03814714,-0.01920775,0.005154232,-0.0073854737,0.0011196622,-0.009258815,0.016655313,-0.00577215,0.041855313,-0.012803449,0.043760266,0.017290525,-0.053292625,0.022315016,0.0015667655,0.02993405,-0.000755154,0.020648433,0.01631216,-0.01620046,0.00065968785,-0.011216561,0.003864478,0.029877512,0.042723417,-0.018045885,0.029911883,-0.008868253,-0.0062753106,0.042090565,-0.0038327256,0.014325326,0.0095226,0.026299879,-0.0066383495,-0.00419441,-0.05155411,0.02342383,0.002236061,0.007236942,-0.0075891158,0.017337633,0.028405903,0.003656909,-0.01708118,0.027511995,0.04069687,0.00997603,-0.011046718,-0.016863566,0.037854318,0.010702062,0.018355481,0.020138834,0.004972384,-0.019889183,0.0015252508,0.01804405,-0.0072664595,-0.00086677284,0.020900073,-0.004579435,5.385244e-06,0.029970463,0.047307737,-0.030718891,0.0031784445,-0.025051516,0.006375422,-0.01443801,0.0031112854,-0.0009790489,0.032999568,-0.0032339126,0.012396883,0.035313,0.057396237,0.018371051,0.024012664,-0.021594169,0.006428562,0.0056395987,-0.010104518,0.024507558,-0.060976,0.036297325,0.0058506196,-0.01120234,0.03722916,0.01808439,-0.008716414,-0.043295108,0.0018119842,-0.0279366,-0.037017845,0.0079290215,0.021836886,-0.03159731,0.022750676,-0.004756963,0.0023824633,-0.012776406,0.019792048,0.0059118774,0.021487443,-0.013887429,-0.008399577,-0.015666626,-0.012828905,-0.033042144,-0.0035878269,0.015566492,0.015173318,0.068073586,-0.029567588,0.008929038,-0.01623091,-0.040327013,-0.00019635665,0.01876902,-0.037431557,0.009493307,-0.015249728,-0.00468233,-0.034512438,0.02016469,-0.010191535,0.006233409,0.021643335,0.020962883,0.023199841,0.021949321,0.011466231,0.015812313,-0.010323469,-0.017216342,-0.023487082,0.024544153,0.02328889,0.040146958,-0.015048835,-0.017438866,-0.0070976065,-0.050343994,0.029181542,0.015757604,0.012465895,0.030622527,0.02968063,0.052212834,-0.017255154,-0.0028144321,-0.056205217,0.00907168,-0.022533048,0.00049469044,-0.037512705,0.012421196,0.050558694,-0.046915118,0.04321932,0.025352748,0.04568997,-0.009680994,0.004886636,0.041907754,-0.0030051672,-0.020514084,0.027265321,0.00834032,0.020970521,-0.033439483,-0.020419838,-0.03282522,-0.013622398,0.026692694,-0.04482254,0.0027273772,0.048933614,0.018150564,0.009425481,0.03044527,-0.022010526,-0.008286461,0.016353583,-0.0055592484,-0.0048402008,-0.0031342974,0.024308007,-0.059045605,0.00921126,-0.008468749,0.009055232,0.014900965,0.014448916,0.04199644,0.020799445,0.008721112,0.055723388,0.0023590906,0.013712639,0.03149777,0.033367846,-0.023796868,-0.030259287,-0.01615567,0.00030813008,-0.015166902,-0.014543463,-0.019511977,-0.069009304,0.01265529,0.00016920813,0.021776205,-0.0048140725,0.02061355,0.013657498,0.022544926,-0.0067923134,0.016165044,-0.01634112,0.041655947,0.051114492,0.014525317,0.014103702,-0.023635915,0.015163537,0.017455189,0.015932744,-0.0520346,0.019208154,0.001324638,0.023327615,-0.0038480398,0.06680105,0.014352534,-0.0043893857,-0.013760443,-0.018143164,-0.029574854,0.017928109,0.028342387,0.02174023,-0.011500634,0.01679391,0.015553065,0.03235338,-0.02002005,-0.011862927,-0.03246799,-0.023416033,-0.028879674,-0.038034208,0.0191403,-0.024110803,-0.029630939,0.023013487,-0.05242287,-0.0065032328,0.039712552,0.016487908,-0.013647294,-0.014672635,-0.009321151,-0.0076288516,-2.7556282e-05,0.0087399725,-0.019493785,-0.013754587,0.022661325,-0.009026687,0.004590627,0.018042121,0.003556048,0.02199414,-0.027870249,0.04743107,0.01037302,0.013369046,0.022789741,-0.016516615,-0.012921716,-0.017082006,0.009764015,-0.015498989,0.02651557,-0.030197605,-0.040616922,-0.006574648,-0.020865409,-0.025998749,0.0032474136,-0.0024489844,-0.01931724,0.015059974,0.008964016,-0.01067059,0.016230136,-0.023414155,0.018526357,0.01572821,0.0139436545,0.030278238,-0.011214483,-0.023703627,0.0010405312,0.016633496,-0.031142695,0.008459376,0.002766231,-0.044519782,-0.038177714,-0.0018918597,-0.010350369,0.044356167,-0.040313564,-0.012297477,0.050092295,0.030301496,0.0043415115,-0.0065883184,0.0003374103,-0.025911259,-0.0389392,0.020628924,-0.0038498444,-0.028118098,0.01644939,-0.031887427,0.02134589,-0.004593509,0.01908776,0.009207304,0.05143178,-0.003535749,0.02712906,0.025857592,0.057148147,-0.03184609,0.01244112,0.015336403,0.009129634,-0.009147136,0.011514557,0.008895337]'::vector)
Planning:
                    Recheck Cond: (content_chunks.user_id = 'e8ed29e9-a639-8026-f603-1daca38a4ec8'::uuid)
  Buffers: shared hit=66 read=1
                    Heap Blocks: exact=9513
                    Buffers: shared hit=543698 read=113
Planning Time: 1.022 ms
                    Worker 0:  actual time=3.116..245.598 rows=38343.00 loops=1
                      Heap Blocks: exact=6955
JIT:
                      Buffers: shared hit=160387
                    Worker 1:  actual time=3.069..245.407 rows=39186.00 loops=1
  Functions: 13
                      Heap Blocks: exact=7102
                      Buffers: shared hit=163906
  Options: Inlining false, Optimization false, Expressions true, Deforming true
                    ->  Bitmap Index Scan on ix_content_chunks_user_id  (cost=0.00..1359.28 rows=124114 width=0) (actual time=5.554..5.554 rows=130000.00 loops=1)
                          Index Cond: (content_chunks.user_id = 'e8ed29e9-a639-8026-f603-1daca38a4ec8'::uuid)
                          Index Searches: 1
                          Buffers: shared read=113
Query Identifier: -2977423554485690283
  Timing: Generation 0.668 ms (Deform 0.295 ms), Inlining 0.000 ms, Optimization 0.586 ms, Emission 17.674 ms, Total 18.928 ms
