Limit  (cost=32787.85..32788.10 rows=100 width=31) (actual time=84.087..84.099 rows=100.00 loops=1)
- DB active connections peak: 51
- Aggregate latency: P50=334.74ms / P95=659.26ms / P99=936.38ms


#### N=80
- Worker CPU: peak=36.5%, P95=36.5%, mean=30.2% (n=13)
- DB cache hit ratio: 100.00% (644,699,994 hit / 0 read)
- DB tup_fetched delta: 770,312,410
- DB active connections peak: 81
- Aggregate latency: P50=486.37ms / P95=1446.65ms / P99=2005.77ms


## Runner's preliminary read
**borderline**

  Output: entity_type, entity_id, ((embedding <=> '[-0.005398084,-0.010717968,-0.00043615865,-0.004086855,0.0076670805,-0.009689519,-0.011036994,0.0017538306,0.014145326,0.012133619,1.7435717e-05,-0.01427656,-0.0045690574,-0.002443912,-0.051007036,0.017959751,0.009130137,0.013857509,0.06965784,-0.010600744,0.014970777,0.011362837,-0.030558527,-0.03361119,0.011096129,-0.020206356,-0.03728014,-0.03636417,-0.010090212,-0.012477153,-0.013937651,-0.01555284,-0.011921495,0.013823498,0.005730506,0.014048239,0.013836069,-0.018769225,0.034490664,0.037359916,-0.023989597,-0.0026207317,0.0057770624,0.003793,-0.023799818,-0.032333568,-0.03934847,0.023672247,0.023749761,-0.016911939,0.008426664,-0.0010376973,-0.034532588,0.037427805,-0.010807021,0.0086071165,-0.014450598,0.05015594,-0.017707603,0.046900775,0.007654108,0.03892767,0.0023472682,-0.034466997,-0.062153377,0.031762276,0.007474007,-0.03730425,0.020921187,-0.07517825,-0.012611306,-0.0256358,-0.0018709586,-0.0069517484,0.033023298,-0.014727483,-1.3668121e-05,-0.010149439,-0.031053374,0.00576576,-0.0062079807,0.041566268,0.024604084,0.008256223,-0.01611318,0.002629228,0.040449232,0.011035446,-0.0055908165,0.05777624,0.0089719985,0.007655728,-0.0061398405,-0.0025973252,-0.0033913015,-0.025337145,-0.01596498,0.017505808,-0.03702161,-0.005999915,-0.018374054,0.03991701,-0.03731535,0.038580317,-0.06521312,0.022251217,-0.02291533,0.016967982,0.026892496,-0.0022765414,-0.037794825,-0.014107604,0.014282275,0.00091969984,0.002259023,-7.9105535e-05,0.0023647633,-0.016058642,-0.015872594,-0.023214152,0.012779341,0.013089779,-0.008578465,-0.016255908,0.008201486,-0.0071078464,-0.0078230975,-0.013042155,-0.015365421,0.029240446,-0.001683307,-0.012883202,0.047421154,-0.047896784,0.01267321,-0.027006676,0.015734013,-0.045986038,0.023362007,-0.02170662,0.018393986,0.014803969,-0.038512234,-0.03733841,-0.0117536755,0.053992804,-0.040058058,-0.015323756,-0.008350137,-0.0014131384,-0.011728637,0.02677517,0.008515561,0.014770509,-0.010422326,-0.02231959,0.033155452,0.020485288,-0.04096979,0.029021477,-0.00940821,0.032854438,0.017652633,-0.033847604,0.0085608205,0.03004429,-0.0030085861,0.017943852,0.016221909,-0.0501649,-0.014462823,0.027844198,0.0125280265,0.025552507,0.015084809,-0.01903002,0.032131754,-0.0055479365,0.0135546485,-0.032847803,-0.011347592,-0.024603212,-0.010064954,0.01498771,0.014832278,-0.006649784,0.04275025,-0.015483817,0.040392492,-0.020866435,0.02870709,0.017673971,0.008100285,0.055206046,-0.020106433,0.019556686,0.027482351,-0.01112515,0.027349086,0.03911055,0.012095936,0.03177906,0.02981885,0.048845872,-0.05623482,0.011069651,-4.646444e-05,0.00808405,-0.0058906423,0.0055429917,-0.0047620693,0.021312278,-0.0126597965,-0.024698744,0.018376257,-0.020762928,-0.034565225,0.03767837,-0.030560814,0.0010921851,0.0096096825,0.027482057,-0.028685668,0.0022927604,0.010750054,-0.0036220755,0.07863983,-0.023045233,0.003690908,0.0058671758,-0.019992642,0.031918973,-0.010534717,0.008888546,-0.04138825,0.022165734,-0.014715571,-0.003990435,0.011455004,0.021622444,0.009855698,0.04135214,-0.023086084,-0.016799284,0.0030740697,-0.009845302,5.6430363e-05,-0.0030126492,0.03311423,0.011779028,0.017447887,-0.030484932,0.010173486,-0.027870806,0.022948682,0.06418451,0.03132762,0.039676074,0.061201144,0.0021333003,-0.059678398,0.010936457,0.033010196,-0.037107665,0.024370216,0.0032685727,-0.0130154975,0.01611767,-0.019107502,0.03309986,0.023985354,-0.040265337,0.007101026,0.03436738,-0.043130927,-0.011118372,-0.058324054,0.00093866425,0.030471787,-0.009090479,-0.039394878,0.016337037,0.00045647565,0.010427594,0.023354521,0.014134158,0.003106006,0.0054166927,0.002386817,0.03093603,-0.0036040074,-0.029758265,0.03544829,-0.0059334664,0.0030683973,-0.037957624,0.04242565,0.008133541,0.008763367,0.06303343,0.02217831,-0.02928621,0.012161091,0.027302936,-0.011450106,0.0077064508,0.00013905806,-0.00027824412,-0.032304425,-0.032215945,-0.047721203,-0.0034664592,-0.03088427,-0.013348838,0.0023000524,-0.017106708,0.017811185,0.0049458607,0.05570557,0.018832112,0.0029805747,-0.009756906,-0.0011852608,0.005030787,0.02120518,-0.03436602,-0.007732673,0.028104313,-0.0048788586,0.0059393346,0.0063173054,0.028778581,0.040317755,-0.02235925,0.0063551962,0.04124175,-0.023248395,-0.032963533,0.011484608,-0.007936755,-0.017376063,-0.018092215,-0.03212178,0.02328682,0.012900936,0.015036051,-0.007955449,-0.018626207,0.021160003,0.021789763,0.0040304246,-0.012230559,-0.025731036,0.010198633,0.029923439,0.020819081,-0.008371705,-0.029323686,0.006231744,0.02963117,0.009766155,-0.01146076,-0.020343084,-0.020688718,0.011073727,-0.039560776,-0.0062878197,-0.049331494,-0.0029540283,0.03234647,0.024263162,-0.030233385,-0.009406631,-0.014751284,-0.0015476852,0.027088879,-0.006545783,0.006903784,0.019054841,0.00589439,0.06738212,0.040946353,-0.029409034,0.020837538,-0.011286618,-0.013127008,-0.024055867,0.008982346,0.021519154,0.0107585555,0.0028824871,0.0063523636,-0.007437032,0.018845279,0.015869409,-0.0003641736,0.015406382,-0.011779924,-0.010194632,0.07360861,-0.017357051,0.03119609,0.026393099,-0.004595306,-0.02708899,-0.026821712,-0.042323224,0.008296334,-0.038212698,0.020777715,-0.050823923,0.015023727,-0.042834576,-0.00020849767,0.023151873,0.0065944693,0.024039438,-0.01948647,-0.007049121,-0.015642785,-0.060756937,0.04203209,0.043421898,0.043593228,-0.010979867,-0.008532963,-0.02340436,-0.023937456,-0.035234,-0.013441472,0.011428046,0.022156864,-0.00926771,-0.017355975,-0.008749244,-0.017266974,0.010217915,0.002719943,-0.0006019745,-0.00052482187,0.033799827,-0.043495398,0.015017744,0.031395555,-0.0035753585,-0.01240533,0.0059154206,0.06783855,-0.056215752,-0.0634434,-0.010642391,0.04476653,-0.027979273,0.042831186,-0.004153003,0.0007658785,0.029389907,0.031152785,-0.044940084,0.005443185,0.040590476,-0.041428864,0.010555521,0.023441935,-0.018286468,-0.03688683,-0.024310354,0.024780063,0.015383473,0.0033548581,0.0051329387,-0.016901478,0.025792425,0.063722745,-0.003923414,0.012819661,-0.010623334,0.019096782,-0.048855968,0.008482977,0.009428553,0.011473508,-0.033168096,0.031747453,-0.007745838,-0.0048290472,-0.0005872769,-0.014594583,-0.033215813,0.037602637,-0.003800718,-0.032992788,0.026961537,0.0042429958,0.056783475,-0.009141242,0.025150811,-0.0028317922,0.008050374,0.012943134,0.020389708,-0.015495059,-0.005892796,0.022821823,-0.057476103,0.0016571117,-0.023196882,0.026790332,0.014129305,0.023291618,-0.027613292,-0.038037162,-0.011943662,0.0087518655,0.013095665,0.009096586,-0.010653974,-0.023845892,0.017553676,0.012356426,0.004782036,0.003226295,-0.010066293,-0.00022636919,-0.0009132568,-0.03844147,-0.003929865,0.021237379,0.03204041,-0.028858207,-0.010480695,0.022721527,0.003078865,-0.050016694,0.00075479725,0.009839183,0.019522505,-0.010406571,0.0103031825,0.021542752,-0.0028666947,0.021067059,-0.02045253,-0.0113557335,-0.017836526,-0.03230289,-0.038637985,-0.0019805187,0.005437261,-0.0057195392,-0.009596384,-0.039787743,-0.018521218,-0.028588118,0.008852722,-0.0059330277,0.03617441,0.00069867866,0.03166774,0.0096591385,0.053860277,-0.06269083,0.0068279575,-0.026627675,-0.01314032,-0.020294676,-0.02306199,0.025599372,0.011819092,-0.030302493,0.003647714,-0.007931346,-0.0022850514,-0.023583688,-0.020093156,-0.027808705,0.00629811,0.008449352,0.03498116,0.0012286628,-0.023001015,-0.046785362,-0.021036237,0.0036743535,0.029832765,0.021833444,-0.01616729,-0.032763682,0.022200454,0.0017095776,-0.016734852,0.0033568915,0.029348742,0.018549405,0.0058290334,0.05370322,0.012309334,0.009444097,0.019973654,-0.0001694357,-0.007957583,0.019797344,0.008589567,0.018471135,0.03782735,0.044214193,0.0250118,0.03220877,0.0116370125,-0.00195815,0.019385336,-0.031197177,-0.02337183,-0.029972682,0.02273163,0.021121193,-0.012783353,-0.031960774,0.039524723,0.027108695,0.054456893,-0.0023991338,-0.019146867,-0.0032891522,-0.012346502,0.0069217407,-0.002960748,0.014529725,-0.015520403,0.027375128,-0.014207865,0.023838213,0.040469714,0.017806688,0.00088069204,-0.017042458,0.028835697,-0.02514764,0.03205711,-0.051859733,0.026946593,0.039274838,0.01119177,-0.064122505,-0.012924013,0.00654141,-0.008309613,-0.004880378,0.00289078,-0.009784427,-0.009467288,-0.025192369,-0.021673596,-0.021197401,-0.012889421,-0.015375368,-0.013124677,0.012538437,-0.02393582,0.025536893,0.0042824643,0.021311833,-0.00013206058,0.009113713,-0.051977202,0.027894612,-0.0025253275,-0.031323776,0.005207046,-0.013075389,-0.019715734,0.035752527,-0.05013665,0.026079964,-0.026582232,0.041324347,-0.013328044,0.03502134,-0.0029070475,-0.0002200947,-0.062687404,0.02059481,0.009824208,-0.011792291,-0.031316075,0.004742171,-0.007773313,-0.008866695,-0.025662556,0.05128671,0.04182069,-0.016533365,0.03146244,0.057904523,-0.050181545,0.018163586,0.020737316,0.021181162,0.024082532,0.016815845,0.015514042,-0.005071389,-0.05570812,-0.0017706265,-0.015587523,-0.02135057,-0.0073628714,-0.038957186,0.021003935,-0.011129685,-0.010447297,0.009002625,-0.0011968206,0.041499995,0.03761458,-0.0031565987,0.015855908,0.02953296,-0.0022036736,-0.01838781,0.04284628,-0.029568775,0.00865562,0.0014569844,-0.011374053,-0.0139569165,0.0019810458,0.025326107,-0.038100462,0.018820979,-0.026343804,0.017894553,-0.05740801,-0.03470343,-0.03916587,-0.046266798,0.028390815,-0.013262777,0.0010777599,-0.010724428,0.013456966,0.0021337762,-0.03055962,0.05522643,0.0075967093,0.006601706,-0.005873631,-0.0028517123,-0.031367276,-0.035619274,0.025198476,0.0041333814,-0.021187281,0.06347745,-0.03423773,-0.026472228,0.03849161,-0.0052449717,-0.0045073302,0.027829746,0.021483056,0.009512614,0.016278084,0.0075835986,0.034240708,0.015452837,-0.04034022,-0.04171668,-0.036191132,0.020905353,0.008384268,-0.0138680665,-0.007113812,-0.005195971,0.016968675,0.0016169398,-0.018075185,0.014151562,0.0582656,0.008224164,0.03856645,-0.0502937,0.007998348,0.028796889,0.0012632152,-0.0022133735,-0.012119983,-0.011270139,-0.015079428,0.029190825,-0.03944631,0.011042263,-0.039155673,0.035368253,0.009450129,0.02983288,-0.07287156,-0.05339152,0.033039402,0.030650385,0.007960159,0.017482141,0.024622861,-0.034411058,0.0026942033,-0.0022599814,0.011506935,-0.012155795,0.020822272,-0.0043604556,-0.014995371,-0.016340356,-0.02010549,0.0063121277,0.021543764,0.020434354,-0.014915135,0.051423036,0.030273832,-0.027133688,-0.028364684,-0.026412971,-0.017334692,-0.008520512,-0.026018098,0.02582595,-0.01929701,0.011997583,-0.012143704,0.0053243567,0.033793837,-0.0019313301,0.0297273,0.019822264,0.010942507,-0.010649243,-0.048846196,-0.0022727035,0.00286291,-0.017630745,0.05097927,0.011457058,0.037363842,-0.011259548,0.012553265,-0.028286858,-0.017195242,-0.02578624,0.017286835,-0.031044453,-0.017265575,0.0019608068,0.017614698,-0.009278334,-0.05997095,-0.006598517,-0.064515166,0.014444841,0.014322029,-0.0026357372,0.023422288,-0.0081285415,-0.0081850495,0.02854577,-0.039237414,-0.0235725,-0.02619049,-0.0015296388,-0.02533806,0.0034509804,-0.0138257565,-0.018951023,-0.0099484185,-0.0011046898,-0.028105712,0.009892848,0.008598162,-0.014577859,-0.036849733,0.038196243,0.01518026,-0.01120423,-0.024900775,-0.015205324,-0.0044373395,0.022166722,-0.02424962,0.016150218,-0.01698491,-0.0187061,-0.0057204114,-0.009151928,-0.02322046,-0.0044632866,-0.0013908852,0.013196636,-0.051906712,-0.029310733,0.033858553,-0.027036905,0.0034664837,-0.02866317,0.038175583,-0.004740911,0.024302943,-0.055763148,0.008004078,-0.033563454,0.00065761094,-0.047649924,-0.0078724595,0.008652897,-0.006965695,-0.023053885,0.0332483,0.03247285,0.019880217,-0.00972915,-0.011322503,0.025110247,0.023697933,0.0038324809,-0.010668468,-0.01859374,0.025314322,0.009788319,-0.029760709,0.043699313,-0.03406964,-0.012785511,-0.01389663,-0.004070226,0.012175241,-0.0072135134,1.43683155e-05,0.005328027,0.014194526,0.039025433,0.037361994,0.008373193,0.03770157,0.011682822,0.012157844,-0.043980967,-0.013460992,-0.0068676695,-0.043914072,0.032236777,0.05105154,0.018683754,0.022019492,-0.0027375035,0.014302554,0.0281014,0.028632106,0.034150437,0.051795907,0.02225228,-0.01990036,-0.02701292,0.0040192665,0.0036631702,-0.008569548,-0.010450728,-0.03884281,-0.0036651355,-0.005379114,0.008753173,-0.01769833,-0.01355399,0.0009828191,0.00827485,0.060930323,0.018904272,0.0012275397,0.006973653,-0.011115435,-0.02739435,0.054399297,0.02821322,0.029882664,-0.013508811,0.01229524,0.0028006104,-0.031843193,0.0028316164,0.029944528,0.01948357,0.050189186,-0.011190288,0.0020309428,-0.021538306,0.0104475,0.0071263537,0.010287006,0.011348394,-0.00956815,-0.020287862,0.041646965,0.03920795,-0.009305628,-0.0069379928,-0.0029402468,0.041786987,0.024949528,-0.0039042025,0.042209834,0.0013432044,-0.004505915,0.005677716,0.016455492,0.0319299,0.033955447,-0.0015328376,-0.04236002,-0.0075153355,-0.007426482,-0.0057857563,0.00023743747,-0.007116489,-0.043130934,-0.0033571667,0.029150791,0.005364101,-0.031999838,0.010950777,-0.06118394,-0.007934643,0.014921042,-0.043665625,0.016047172,-0.042857375,0.0063815927,-0.0014437339,-0.014177781,0.0030398348,0.010153454,-0.020651817,0.021762855,0.006221677,-0.007892658,0.009500136,-0.036051575,-0.026204618,0.020511664,0.0033066946,-0.053449485,0.020477617,0.007512085,0.009804332,-0.0068660844,-0.044364456,0.020091087,0.049417827,0.0112552615,-0.019701548,0.0066150343,0.011500162,-0.029631797,0.02590438,-0.0067266393,0.034146134,-0.010267461,0.0044388883,0.0055499533,0.022832096,0.024370167,-0.0020629151,-0.01720657,0.05315505,0.005533739,-0.0019454452,-0.047034424,0.006566639,-0.010757104,-0.025798654,0.0059186905,-0.017328236,0.021518057,-0.019549536,0.0016547353,-0.028818162,-0.03117081,-0.0009256492,-0.00452434,0.045434464,0.06893189,-0.027010633,-0.011236636,-0.029365283,-0.0046173413,-0.03835193,-0.04929184,0.01507263,0.011018323,0.0036323133,-0.04263309,-0.016648421,0.0046281167,0.044532645,1.5042312e-05,-0.022062194,-0.046269912,-0.0264507,-0.03521661,0.008532555,0.03229051,0.026805175,-0.03463904,0.027436148,-0.04574313,-0.01409459,-0.009229541,-0.031591814,0.020215033,-0.002255011,0.019918364,-0.00020367507,-0.015001146,-0.03645192,-0.026839532,-0.028129963,0.0017624518,0.02855901,0.03145192,-0.008487597,0.043501392,0.0020974048,0.039014522,0.011312688,-0.0011093261,-0.0058785286,0.019280473,-0.021515273,0.0485953,0.009022436,0.004533818,-0.027769031,0.010274276,-0.021339765,-0.015002466,0.038149823,-0.015454192,0.031155054,0.012865535,-0.023835162,0.012614454,0.013493261,-0.050123237,-0.0098103145,-0.0024356442,-0.033063088,0.019392986,-0.0032581752,-0.047084246,-0.016078798,0.039050847,-0.0068486733,-0.003411815,0.0019299522,-0.0141566275,-0.017572815,0.026107257,0.006616394,-0.01664849,0.003708398,0.024963196,0.035702247,-0.030687688,0.02670004,0.02317695,0.030797029,-0.04001197,-0.020676298,-0.017103322,0.03907003,0.011473469,-0.013179492,-0.017220886,-0.06569067,0.0110289045,0.013408752,0.0035268504,0.023560409,-0.02169459,-0.021569908,0.018326877,0.02920058,-0.0010832013,9.750998e-06,-0.025556047,-0.0059870784,-0.0068985526,-0.014498176,-0.015601458,0.028203603,0.03700114,0.030625494,0.0062835137,-0.022143574,-0.009612844,0.03987205,-0.010701388,0.051838413,8.630446e-05,0.019139385,-0.011903376,0.0037855085,-0.0058040153,0.03652177,-0.008998863,-0.007975033,-0.003394218,-0.04718929,0.03077445,-0.008127596,0.008249816,-0.027041817,-0.09413592,0.000100792226,0.03312137,-0.016686881,-0.008393136,-0.012730067,0.016565882,0.01923095,0.013623129,0.03296517,0.0078025,0.007443577,0.038352128,-0.04041922,0.0023617847,-0.019638196,-0.04972982,-0.043373376,0.0061749616,0.03776877,-0.048422117,-0.027589463,0.03782436,0.037202492,-0.0072875223,-0.034361273,-0.0105445655,0.015149567,0.0061387345,-0.048044257,-0.0068739555,0.002183629,-0.0071769548,-0.04743596,-0.060791943,0.031338636,0.015567654,0.024911094,0.017708097,0.0015064741,0.0038446968,0.005018807,-0.004852265,-0.009514247,0.004774692,-0.01417304,0.03358391,0.033398587,-0.0052614287,-0.007301367,0.040532783,0.011623008,0.009084522,-0.043436404,0.010565178,0.0058695897,-0.01011706,0.011689459,-0.019309923,0.011540916,-0.018777257,0.01880739,-0.0282418,0.04086539,0.012765491,-0.011348863,-0.008784504,0.021621887,0.0034852028,0.018086718,-0.025661934,0.014374383,-0.010923537,0.028046746,0.018072808,0.03383236,0.034628127,-0.002756499,0.017529164,0.01639985,0.019012637,0.008910281,-0.023919422,0.027141409,0.028154021,-0.011849033,0.002634708,0.010477808,-0.022906795,0.009747993,0.023867285,-0.022258136,0.03194767,-0.011145202,0.0097478,-0.038546693,-0.042118467,0.013726453,-0.04193015,-0.017439032,-0.038021293,0.024195747,0.037106387,0.02214178,0.0063647097,0.041029423,-0.005634292,0.032589264,0.017874196,0.012322809,0.054883506,-0.007906659,-0.0026768642,-0.026015908,-0.018184034,-0.029403675,-0.014808705,0.0008127952,-0.024461204,0.034541424,-0.0015595664,-0.0044350666,0.014542283,-0.006923134,-0.020133404,0.01869031,0.011344836,-0.020899845,-0.020092314,0.013960637,0.016903901,-0.008724727,0.023675725,-0.030447815,0.040487386,0.030276766,-0.025732007,0.028975207,0.04251862,-0.009643048,0.036354255,0.01769363,-0.0089631295,0.025698122,0.0048336266,-0.017040696,0.042019345,-0.03181229,-0.02033638,-0.03718769,0.01442699,-0.057336833,0.055800594,-0.041933604,-0.037280776,0.013195127,-0.014439067,-0.011218265,-0.00084837485,-0.0032414668,-0.010773638,0.046829853,-0.00132304,0.0010947925,-0.020061878,0.06594468,0.009728487,0.008210072,-0.04091555,-0.033522964,0.020844098,0.021922067,-0.0663931,-0.04667659,0.034788013,-0.0145956995,0.019228578,0.023774533,0.02809876,-0.0033634491,0.016190741,-0.04060613,0.008386643,-0.007913112,0.014576099,0.003538656,0.00041009637,-0.024622902,-0.02101659,-0.036380928,0.02978309,0.009234145,0.029613659,0.02189987,-0.012213769,-0.026915353,0.0046402076,-0.006296922,-0.015178914,-0.032170754,0.009208867,-0.014370174,0.040229343,0.02184861,0.008436127,0.035917487,0.0102776885,0.024647819,0.027552096,0.020012042,0.00898849,0.019757934,0.015643487,0.030926807,-0.0018866842,0.02637399,0.01987107,0.012194352,0.023893401,0.00993414,0.0541149,-0.031822447,0.0019722902,-0.015621821,0.002874536,-0.027824497,0.009422401,-0.010313394,-0.04511412,0.059380718,-0.019948136,0.008666737,-0.024073385,-0.029421132,0.01541776,-0.029816082,-0.018727759,-0.007663372,-0.004282914,0.029790487,-0.0073633925,0.036665242,0.0005839401,0.032489058,-0.0010108585,-0.035510123,-0.019606046,0.044124324,-0.01906188,0.04066297,-0.0117336055,0.022484083,0.030864993,0.018324953,0.014654026,-0.01869982,-0.004527697,-0.003427131,0.025266314,-0.002758453,0.008779567,-0.019387908,-0.024776995,-0.0053059524,0.0044742343,0.011186991,-0.016177027,-0.015304803,-0.04041897,-0.046555914,-0.02704653,-0.010384574,0.005552293,0.039031174,0.009101905,-0.011518109,-0.036881562,0.030220838,0.004372975,0.036849942,-0.034028642,0.036336936,0.067994155,0.012389198,0.012381766,-0.03223036,-0.028940719,-0.022064446,0.0007240419,0.027843315,-0.007831937,0.0046974514,-0.012226307,-0.00932646,0.010472662,0.017704358,-0.0011735801,-0.027662585,-0.008732545,-0.036585305,-0.031542707,-0.011543936,0.010206014,-0.025353637,-0.064010955,-0.033095744,0.023161884,-0.023132712,-0.006300449,0.042766154,-0.027749214,0.021536585,0.014466153,0.030470544,0.022985019,0.016249264,0.01940915,-0.012279125]'::vector))
  ->  Sort  (cost=32787.85..32836.90 rows=19621 width=31) (actual time=84.085..84.090 rows=100.00 loops=1)
  Buffers: shared hit=83632 read=19
        Output: entity_type, entity_id, ((embedding <=> '[-0.005398084,-0.010717968,-0.00043615865,-0.004086855,0.0076670805,-0.009689519,-0.011036994,0.0017538306,0.014145326,0.012133619,1.7435717e-05,-0.01427656,-0.0045690574,-0.002443912,-0.051007036,0.017959751,0.009130137,0.013857509,0.06965784,-0.010600744,0.014970777,0.011362837,-0.030558527,-0.03361119,0.011096129,-0.020206356,-0.03728014,-0.03636417,-0.010090212,-0.012477153,-0.013937651,-0.01555284,-0.011921495,0.013823498,0.005730506,0.014048239,0.013836069,-0.018769225,0.034490664,0.037359916,-0.023989597,-0.0026207317,0.0057770624,0.003793,-0.023799818,-0.032333568,-0.03934847,0.023672247,0.023749761,-0.016911939,0.008426664,-0.0010376973,-0.034532588,0.037427805,-0.010807021,0.0086071165,-0.014450598,0.05015594,-0.017707603,0.046900775,0.007654108,0.03892767,0.0023472682,-0.034466997,-0.062153377,0.031762276,0.007474007,-0.03730425,0.020921187,-0.07517825,-0.012611306,-0.0256358,-0.0018709586,-0.0069517484,0.033023298,-0.014727483,-1.3668121e-05,-0.010149439,-0.031053374,0.00576576,-0.0062079807,0.041566268,0.024604084,0.008256223,-0.01611318,0.002629228,0.040449232,0.011035446,-0.0055908165,0.05777624,0.0089719985,0.007655728,-0.0061398405,-0.0025973252,-0.0033913015,-0.025337145,-0.01596498,0.017505808,-0.03702161,-0.005999915,-0.018374054,0.03991701,-0.03731535,0.038580317,-0.06521312,0.022251217,-0.02291533,0.016967982,0.026892496,-0.0022765414,-0.037794825,-0.014107604,0.014282275,0.00091969984,0.002259023,-7.9105535e-05,0.0023647633,-0.016058642,-0.015872594,-0.023214152,0.012779341,0.013089779,-0.008578465,-0.016255908,0.008201486,-0.0071078464,-0.0078230975,-0.013042155,-0.015365421,0.029240446,-0.001683307,-0.012883202,0.047421154,-0.047896784,0.01267321,-0.027006676,0.015734013,-0.045986038,0.023362007,-0.02170662,0.018393986,0.014803969,-0.038512234,-0.03733841,-0.0117536755,0.053992804,-0.040058058,-0.015323756,-0.008350137,-0.0014131384,-0.011728637,0.02677517,0.008515561,0.014770509,-0.010422326,-0.02231959,0.033155452,0.020485288,-0.04096979,0.029021477,-0.00940821,0.032854438,0.017652633,-0.033847604,0.0085608205,0.03004429,-0.0030085861,0.017943852,0.016221909,-0.0501649,-0.014462823,0.027844198,0.0125280265,0.025552507,0.015084809,-0.01903002,0.032131754,-0.0055479365,0.0135546485,-0.032847803,-0.011347592,-0.024603212,-0.010064954,0.01498771,0.014832278,-0.006649784,0.04275025,-0.015483817,0.040392492,-0.020866435,0.02870709,0.017673971,0.008100285,0.055206046,-0.020106433,0.019556686,0.027482351,-0.01112515,0.027349086,0.03911055,0.012095936,0.03177906,0.02981885,0.048845872,-0.05623482,0.011069651,-4.646444e-05,0.00808405,-0.0058906423,0.0055429917,-0.0047620693,0.021312278,-0.0126597965,-0.024698744,0.018376257,-0.020762928,-0.034565225,0.03767837,-0.030560814,0.0010921851,0.0096096825,0.027482057,-0.028685668,0.0022927604,0.010750054,-0.0036220755,0.07863983,-0.023045233,0.003690908,0.0058671758,-0.019992642,0.031918973,-0.010534717,0.008888546,-0.04138825,0.022165734,-0.014715571,-0.003990435,0.011455004,0.021622444,0.009855698,0.04135214,-0.023086084,-0.016799284,0.0030740697,-0.009845302,5.6430363e-05,-0.0030126492,0.03311423,0.011779028,0.017447887,-0.030484932,0.010173486,-0.027870806,0.022948682,0.06418451,0.03132762,0.039676074,0.061201144,0.0021333003,-0.059678398,0.010936457,0.033010196,-0.037107665,0.024370216,0.0032685727,-0.0130154975,0.01611767,-0.019107502,0.03309986,0.023985354,-0.040265337,0.007101026,0.03436738,-0.043130927,-0.011118372,-0.058324054,0.00093866425,0.030471787,-0.009090479,-0.039394878,0.016337037,0.00045647565,0.010427594,0.023354521,0.014134158,0.003106006,0.0054166927,0.002386817,0.03093603,-0.0036040074,-0.029758265,0.03544829,-0.0059334664,0.0030683973,-0.037957624,0.04242565,0.008133541,0.008763367,0.06303343,0.02217831,-0.02928621,0.012161091,0.027302936,-0.011450106,0.0077064508,0.00013905806,-0.00027824412,-0.032304425,-0.032215945,-0.047721203,-0.0034664592,-0.03088427,-0.013348838,0.0023000524,-0.017106708,0.017811185,0.0049458607,0.05570557,0.018832112,0.0029805747,-0.009756906,-0.0011852608,0.005030787,0.02120518,-0.03436602,-0.007732673,0.028104313,-0.0048788586,0.0059393346,0.0063173054,0.028778581,0.040317755,-0.02235925,0.0063551962,0.04124175,-0.023248395,-0.032963533,0.011484608,-0.007936755,-0.017376063,-0.018092215,-0.03212178,0.02328682,0.012900936,0.015036051,-0.007955449,-0.018626207,0.021160003,0.021789763,0.0040304246,-0.012230559,-0.025731036,0.010198633,0.029923439,0.020819081,-0.008371705,-0.029323686,0.006231744,0.02963117,0.009766155,-0.01146076,-0.020343084,-0.020688718,0.011073727,-0.039560776,-0.0062878197,-0.049331494,-0.0029540283,0.03234647,0.024263162,-0.030233385,-0.009406631,-0.014751284,-0.0015476852,0.027088879,-0.006545783,0.006903784,0.019054841,0.00589439,0.06738212,0.040946353,-0.029409034,0.020837538,-0.011286618,-0.013127008,-0.024055867,0.008982346,0.021519154,0.0107585555,0.0028824871,0.0063523636,-0.007437032,0.018845279,0.015869409,-0.0003641736,0.015406382,-0.011779924,-0.010194632,0.07360861,-0.017357051,0.03119609,0.026393099,-0.004595306,-0.02708899,-0.026821712,-0.042323224,0.008296334,-0.038212698,0.020777715,-0.050823923,0.015023727,-0.042834576,-0.00020849767,0.023151873,0.0065944693,0.024039438,-0.01948647,-0.007049121,-0.015642785,-0.060756937,0.04203209,0.043421898,0.043593228,-0.010979867,-0.008532963,-0.02340436,-0.023937456,-0.035234,-0.013441472,0.011428046,0.022156864,-0.00926771,-0.017355975,-0.008749244,-0.017266974,0.010217915,0.002719943,-0.0006019745,-0.00052482187,0.033799827,-0.043495398,0.015017744,0.031395555,-0.0035753585,-0.01240533,0.0059154206,0.06783855,-0.056215752,-0.0634434,-0.010642391,0.04476653,-0.027979273,0.042831186,-0.004153003,0.0007658785,0.029389907,0.031152785,-0.044940084,0.005443185,0.040590476,-0.041428864,0.010555521,0.023441935,-0.018286468,-0.03688683,-0.024310354,0.024780063,0.015383473,0.0033548581,0.0051329387,-0.016901478,0.025792425,0.063722745,-0.003923414,0.012819661,-0.010623334,0.019096782,-0.048855968,0.008482977,0.009428553,0.011473508,-0.033168096,0.031747453,-0.007745838,-0.0048290472,-0.0005872769,-0.014594583,-0.033215813,0.037602637,-0.003800718,-0.032992788,0.026961537,0.0042429958,0.056783475,-0.009141242,0.025150811,-0.0028317922,0.008050374,0.012943134,0.020389708,-0.015495059,-0.005892796,0.022821823,-0.057476103,0.0016571117,-0.023196882,0.026790332,0.014129305,0.023291618,-0.027613292,-0.038037162,-0.011943662,0.0087518655,0.013095665,0.009096586,-0.010653974,-0.023845892,0.017553676,0.012356426,0.004782036,0.003226295,-0.010066293,-0.00022636919,-0.0009132568,-0.03844147,-0.003929865,0.021237379,0.03204041,-0.028858207,-0.010480695,0.022721527,0.003078865,-0.050016694,0.00075479725,0.009839183,0.019522505,-0.010406571,0.0103031825,0.021542752,-0.0028666947,0.021067059,-0.02045253,-0.0113557335,-0.017836526,-0.03230289,-0.038637985,-0.0019805187,0.005437261,-0.0057195392,-0.009596384,-0.039787743,-0.018521218,-0.028588118,0.008852722,-0.0059330277,0.03617441,0.00069867866,0.03166774,0.0096591385,0.053860277,-0.06269083,0.0068279575,-0.026627675,-0.01314032,-0.020294676,-0.02306199,0.025599372,0.011819092,-0.030302493,0.003647714,-0.007931346,-0.0022850514,-0.023583688,-0.020093156,-0.027808705,0.00629811,0.008449352,0.03498116,0.0012286628,-0.023001015,-0.046785362,-0.021036237,0.0036743535,0.029832765,0.021833444,-0.01616729,-0.032763682,0.022200454,0.0017095776,-0.016734852,0.0033568915,0.029348742,0.018549405,0.0058290334,0.05370322,0.012309334,0.009444097,0.019973654,-0.0001694357,-0.007957583,0.019797344,0.008589567,0.018471135,0.03782735,0.044214193,0.0250118,0.03220877,0.0116370125,-0.00195815,0.019385336,-0.031197177,-0.02337183,-0.029972682,0.02273163,0.021121193,-0.012783353,-0.031960774,0.039524723,0.027108695,0.054456893,-0.0023991338,-0.019146867,-0.0032891522,-0.012346502,0.0069217407,-0.002960748,0.014529725,-0.015520403,0.027375128,-0.014207865,0.023838213,0.040469714,0.017806688,0.00088069204,-0.017042458,0.028835697,-0.02514764,0.03205711,-0.051859733,0.026946593,0.039274838,0.01119177,-0.064122505,-0.012924013,0.00654141,-0.008309613,-0.004880378,0.00289078,-0.009784427,-0.009467288,-0.025192369,-0.021673596,-0.021197401,-0.012889421,-0.015375368,-0.013124677,0.012538437,-0.02393582,0.025536893,0.0042824643,0.021311833,-0.00013206058,0.009113713,-0.051977202,0.027894612,-0.0025253275,-0.031323776,0.005207046,-0.013075389,-0.019715734,0.035752527,-0.05013665,0.026079964,-0.026582232,0.041324347,-0.013328044,0.03502134,-0.0029070475,-0.0002200947,-0.062687404,0.02059481,0.009824208,-0.011792291,-0.031316075,0.004742171,-0.007773313,-0.008866695,-0.025662556,0.05128671,0.04182069,-0.016533365,0.03146244,0.057904523,-0.050181545,0.018163586,0.020737316,0.021181162,0.024082532,0.016815845,0.015514042,-0.005071389,-0.05570812,-0.0017706265,-0.015587523,-0.02135057,-0.0073628714,-0.038957186,0.021003935,-0.011129685,-0.010447297,0.009002625,-0.0011968206,0.041499995,0.03761458,-0.0031565987,0.015855908,0.02953296,-0.0022036736,-0.01838781,0.04284628,-0.029568775,0.00865562,0.0014569844,-0.011374053,-0.0139569165,0.0019810458,0.025326107,-0.038100462,0.018820979,-0.026343804,0.017894553,-0.05740801,-0.03470343,-0.03916587,-0.046266798,0.028390815,-0.013262777,0.0010777599,-0.010724428,0.013456966,0.0021337762,-0.03055962,0.05522643,0.0075967093,0.006601706,-0.005873631,-0.0028517123,-0.031367276,-0.035619274,0.025198476,0.0041333814,-0.021187281,0.06347745,-0.03423773,-0.026472228,0.03849161,-0.0052449717,-0.0045073302,0.027829746,0.021483056,0.009512614,0.016278084,0.0075835986,0.034240708,0.015452837,-0.04034022,-0.04171668,-0.036191132,0.020905353,0.008384268,-0.0138680665,-0.007113812,-0.005195971,0.016968675,0.0016169398,-0.018075185,0.014151562,0.0582656,0.008224164,0.03856645,-0.0502937,0.007998348,0.028796889,0.0012632152,-0.0022133735,-0.012119983,-0.011270139,-0.015079428,0.029190825,-0.03944631,0.011042263,-0.039155673,0.035368253,0.009450129,0.02983288,-0.07287156,-0.05339152,0.033039402,0.030650385,0.007960159,0.017482141,0.024622861,-0.034411058,0.0026942033,-0.0022599814,0.011506935,-0.012155795,0.020822272,-0.0043604556,-0.014995371,-0.016340356,-0.02010549,0.0063121277,0.021543764,0.020434354,-0.014915135,0.051423036,0.030273832,-0.027133688,-0.028364684,-0.026412971,-0.017334692,-0.008520512,-0.026018098,0.02582595,-0.01929701,0.011997583,-0.012143704,0.0053243567,0.033793837,-0.0019313301,0.0297273,0.019822264,0.010942507,-0.010649243,-0.048846196,-0.0022727035,0.00286291,-0.017630745,0.05097927,0.011457058,0.037363842,-0.011259548,0.012553265,-0.028286858,-0.017195242,-0.02578624,0.017286835,-0.031044453,-0.017265575,0.0019608068,0.017614698,-0.009278334,-0.05997095,-0.006598517,-0.064515166,0.014444841,0.014322029,-0.0026357372,0.023422288,-0.0081285415,-0.0081850495,0.02854577,-0.039237414,-0.0235725,-0.02619049,-0.0015296388,-0.02533806,0.0034509804,-0.0138257565,-0.018951023,-0.0099484185,-0.0011046898,-0.028105712,0.009892848,0.008598162,-0.014577859,-0.036849733,0.038196243,0.01518026,-0.01120423,-0.024900775,-0.015205324,-0.0044373395,0.022166722,-0.02424962,0.016150218,-0.01698491,-0.0187061,-0.0057204114,-0.009151928,-0.02322046,-0.0044632866,-0.0013908852,0.013196636,-0.051906712,-0.029310733,0.033858553,-0.027036905,0.0034664837,-0.02866317,0.038175583,-0.004740911,0.024302943,-0.055763148,0.008004078,-0.033563454,0.00065761094,-0.047649924,-0.0078724595,0.008652897,-0.006965695,-0.023053885,0.0332483,0.03247285,0.019880217,-0.00972915,-0.011322503,0.025110247,0.023697933,0.0038324809,-0.010668468,-0.01859374,0.025314322,0.009788319,-0.029760709,0.043699313,-0.03406964,-0.012785511,-0.01389663,-0.004070226,0.012175241,-0.0072135134,1.43683155e-05,0.005328027,0.014194526,0.039025433,0.037361994,0.008373193,0.03770157,0.011682822,0.012157844,-0.043980967,-0.013460992,-0.0068676695,-0.043914072,0.032236777,0.05105154,0.018683754,0.022019492,-0.0027375035,0.014302554,0.0281014,0.028632106,0.034150437,0.051795907,0.02225228,-0.01990036,-0.02701292,0.0040192665,0.0036631702,-0.008569548,-0.010450728,-0.03884281,-0.0036651355,-0.005379114,0.008753173,-0.01769833,-0.01355399,0.0009828191,0.00827485,0.060930323,0.018904272,0.0012275397,0.006973653,-0.011115435,-0.02739435,0.054399297,0.02821322,0.029882664,-0.013508811,0.01229524,0.0028006104,-0.031843193,0.0028316164,0.029944528,0.01948357,0.050189186,-0.011190288,0.0020309428,-0.021538306,0.0104475,0.0071263537,0.010287006,0.011348394,-0.00956815,-0.020287862,0.041646965,0.03920795,-0.009305628,-0.0069379928,-0.0029402468,0.041786987,0.024949528,-0.0039042025,0.042209834,0.0013432044,-0.004505915,0.005677716,0.016455492,0.0319299,0.033955447,-0.0015328376,-0.04236002,-0.0075153355,-0.007426482,-0.0057857563,0.00023743747,-0.007116489,-0.043130934,-0.0033571667,0.029150791,0.005364101,-0.031999838,0.010950777,-0.06118394,-0.007934643,0.014921042,-0.043665625,0.016047172,-0.042857375,0.0063815927,-0.0014437339,-0.014177781,0.0030398348,0.010153454,-0.020651817,0.021762855,0.006221677,-0.007892658,0.009500136,-0.036051575,-0.026204618,0.020511664,0.0033066946,-0.053449485,0.020477617,0.007512085,0.009804332,-0.0068660844,-0.044364456,0.020091087,0.049417827,0.0112552615,-0.019701548,0.0066150343,0.011500162,-0.029631797,0.02590438,-0.0067266393,0.034146134,-0.010267461,0.0044388883,0.0055499533,0.022832096,0.024370167,-0.0020629151,-0.01720657,0.05315505,0.005533739,-0.0019454452,-0.047034424,0.006566639,-0.010757104,-0.025798654,0.0059186905,-0.017328236,0.021518057,-0.019549536,0.0016547353,-0.028818162,-0.03117081,-0.0009256492,-0.00452434,0.045434464,0.06893189,-0.027010633,-0.011236636,-0.029365283,-0.0046173413,-0.03835193,-0.04929184,0.01507263,0.011018323,0.0036323133,-0.04263309,-0.016648421,0.0046281167,0.044532645,1.5042312e-05,-0.022062194,-0.046269912,-0.0264507,-0.03521661,0.008532555,0.03229051,0.026805175,-0.03463904,0.027436148,-0.04574313,-0.01409459,-0.009229541,-0.031591814,0.020215033,-0.002255011,0.019918364,-0.00020367507,-0.015001146,-0.03645192,-0.026839532,-0.028129963,0.0017624518,0.02855901,0.03145192,-0.008487597,0.043501392,0.0020974048,0.039014522,0.011312688,-0.0011093261,-0.0058785286,0.019280473,-0.021515273,0.0485953,0.009022436,0.004533818,-0.027769031,0.010274276,-0.021339765,-0.015002466,0.038149823,-0.015454192,0.031155054,0.012865535,-0.023835162,0.012614454,0.013493261,-0.050123237,-0.0098103145,-0.0024356442,-0.033063088,0.019392986,-0.0032581752,-0.047084246,-0.016078798,0.039050847,-0.0068486733,-0.003411815,0.0019299522,-0.0141566275,-0.017572815,0.026107257,0.006616394,-0.01664849,0.003708398,0.024963196,0.035702247,-0.030687688,0.02670004,0.02317695,0.030797029,-0.04001197,-0.020676298,-0.017103322,0.03907003,0.011473469,-0.013179492,-0.017220886,-0.06569067,0.0110289045,0.013408752,0.0035268504,0.023560409,-0.02169459,-0.021569908,0.018326877,0.02920058,-0.0010832013,9.750998e-06,-0.025556047,-0.0059870784,-0.0068985526,-0.014498176,-0.015601458,0.028203603,0.03700114,0.030625494,0.0062835137,-0.022143574,-0.009612844,0.03987205,-0.010701388,0.051838413,8.630446e-05,0.019139385,-0.011903376,0.0037855085,-0.0058040153,0.03652177,-0.008998863,-0.007975033,-0.003394218,-0.04718929,0.03077445,-0.008127596,0.008249816,-0.027041817,-0.09413592,0.000100792226,0.03312137,-0.016686881,-0.008393136,-0.012730067,0.016565882,0.01923095,0.013623129,0.03296517,0.0078025,0.007443577,0.038352128,-0.04041922,0.0023617847,-0.019638196,-0.04972982,-0.043373376,0.0061749616,0.03776877,-0.048422117,-0.027589463,0.03782436,0.037202492,-0.0072875223,-0.034361273,-0.0105445655,0.015149567,0.0061387345,-0.048044257,-0.0068739555,0.002183629,-0.0071769548,-0.04743596,-0.060791943,0.031338636,0.015567654,0.024911094,0.017708097,0.0015064741,0.0038446968,0.005018807,-0.004852265,-0.009514247,0.004774692,-0.01417304,0.03358391,0.033398587,-0.0052614287,-0.007301367,0.040532783,0.011623008,0.009084522,-0.043436404,0.010565178,0.0058695897,-0.01011706,0.011689459,-0.019309923,0.011540916,-0.018777257,0.01880739,-0.0282418,0.04086539,0.012765491,-0.011348863,-0.008784504,0.021621887,0.0034852028,0.018086718,-0.025661934,0.014374383,-0.010923537,0.028046746,0.018072808,0.03383236,0.034628127,-0.002756499,0.017529164,0.01639985,0.019012637,0.008910281,-0.023919422,0.027141409,0.028154021,-0.011849033,0.002634708,0.010477808,-0.022906795,0.009747993,0.023867285,-0.022258136,0.03194767,-0.011145202,0.0097478,-0.038546693,-0.042118467,0.013726453,-0.04193015,-0.017439032,-0.038021293,0.024195747,0.037106387,0.02214178,0.0063647097,0.041029423,-0.005634292,0.032589264,0.017874196,0.012322809,0.054883506,-0.007906659,-0.0026768642,-0.026015908,-0.018184034,-0.029403675,-0.014808705,0.0008127952,-0.024461204,0.034541424,-0.0015595664,-0.0044350666,0.014542283,-0.006923134,-0.020133404,0.01869031,0.011344836,-0.020899845,-0.020092314,0.013960637,0.016903901,-0.008724727,0.023675725,-0.030447815,0.040487386,0.030276766,-0.025732007,0.028975207,0.04251862,-0.009643048,0.036354255,0.01769363,-0.0089631295,0.025698122,0.0048336266,-0.017040696,0.042019345,-0.03181229,-0.02033638,-0.03718769,0.01442699,-0.057336833,0.055800594,-0.041933604,-0.037280776,0.013195127,-0.014439067,-0.011218265,-0.00084837485,-0.0032414668,-0.010773638,0.046829853,-0.00132304,0.0010947925,-0.020061878,0.06594468,0.009728487,0.008210072,-0.04091555,-0.033522964,0.020844098,0.021922067,-0.0663931,-0.04667659,0.034788013,-0.0145956995,0.019228578,0.023774533,0.02809876,-0.0033634491,0.016190741,-0.04060613,0.008386643,-0.007913112,0.014576099,0.003538656,0.00041009637,-0.024622902,-0.02101659,-0.036380928,0.02978309,0.009234145,0.029613659,0.02189987,-0.012213769,-0.026915353,0.0046402076,-0.006296922,-0.015178914,-0.032170754,0.009208867,-0.014370174,0.040229343,0.02184861,0.008436127,0.035917487,0.0102776885,0.024647819,0.027552096,0.020012042,0.00898849,0.019757934,0.015643487,0.030926807,-0.0018866842,0.02637399,0.01987107,0.012194352,0.023893401,0.00993414,0.0541149,-0.031822447,0.0019722902,-0.015621821,0.002874536,-0.027824497,0.009422401,-0.010313394,-0.04511412,0.059380718,-0.019948136,0.008666737,-0.024073385,-0.029421132,0.01541776,-0.029816082,-0.018727759,-0.007663372,-0.004282914,0.029790487,-0.0073633925,0.036665242,0.0005839401,0.032489058,-0.0010108585,-0.035510123,-0.019606046,0.044124324,-0.01906188,0.04066297,-0.0117336055,0.022484083,0.030864993,0.018324953,0.014654026,-0.01869982,-0.004527697,-0.003427131,0.025266314,-0.002758453,0.008779567,-0.019387908,-0.024776995,-0.0053059524,0.0044742343,0.011186991,-0.016177027,-0.015304803,-0.04041897,-0.046555914,-0.02704653,-0.010384574,0.005552293,0.039031174,0.009101905,-0.011518109,-0.036881562,0.030220838,0.004372975,0.036849942,-0.034028642,0.036336936,0.067994155,0.012389198,0.012381766,-0.03223036,-0.028940719,-0.022064446,0.0007240419,0.027843315,-0.007831937,0.0046974514,-0.012226307,-0.00932646,0.010472662,0.017704358,-0.0011735801,-0.027662585,-0.008732545,-0.036585305,-0.031542707,-0.011543936,0.010206014,-0.025353637,-0.064010955,-0.033095744,0.023161884,-0.023132712,-0.006300449,0.042766154,-0.027749214,0.021536585,0.014466153,0.030470544,0.022985019,0.016249264,0.01940915,-0.012279125]'::vector))
        Buffers: shared hit=83632 read=19
        ->  Bitmap Heap Scan on public.content_chunks  (cost=224.48..32037.95 rows=19621 width=31) (actual time=1.087..81.541 rows=20000.00 loops=1)
        Sort Key: ((content_chunks.embedding <=> '[-0.005398084,-0.010717968,-0.00043615865,-0.004086855,0.0076670805,-0.009689519,-0.011036994,0.0017538306,0.014145326,0.012133619,1.7435717e-05,-0.01427656,-0.0045690574,-0.002443912,-0.051007036,0.017959751,0.009130137,0.013857509,0.06965784,-0.010600744,0.014970777,0.011362837,-0.030558527,-0.03361119,0.011096129,-0.020206356,-0.03728014,-0.03636417,-0.010090212,-0.012477153,-0.013937651,-0.01555284,-0.011921495,0.013823498,0.005730506,0.014048239,0.013836069,-0.018769225,0.034490664,0.037359916,-0.023989597,-0.0026207317,0.0057770624,0.003793,-0.023799818,-0.032333568,-0.03934847,0.023672247,0.023749761,-0.016911939,0.008426664,-0.0010376973,-0.034532588,0.037427805,-0.010807021,0.0086071165,-0.014450598,0.05015594,-0.017707603,0.046900775,0.007654108,0.03892767,0.0023472682,-0.034466997,-0.062153377,0.031762276,0.007474007,-0.03730425,0.020921187,-0.07517825,-0.012611306,-0.0256358,-0.0018709586,-0.0069517484,0.033023298,-0.014727483,-1.3668121e-05,-0.010149439,-0.031053374,0.00576576,-0.0062079807,0.041566268,0.024604084,0.008256223,-0.01611318,0.002629228,0.040449232,0.011035446,-0.0055908165,0.05777624,0.0089719985,0.007655728,-0.0061398405,-0.0025973252,-0.0033913015,-0.025337145,-0.01596498,0.017505808,-0.03702161,-0.005999915,-0.018374054,0.03991701,-0.03731535,0.038580317,-0.06521312,0.022251217,-0.02291533,0.016967982,0.026892496,-0.0022765414,-0.037794825,-0.014107604,0.014282275,0.00091969984,0.002259023,-7.9105535e-05,0.0023647633,-0.016058642,-0.015872594,-0.023214152,0.012779341,0.013089779,-0.008578465,-0.016255908,0.008201486,-0.0071078464,-0.0078230975,-0.013042155,-0.015365421,0.029240446,-0.001683307,-0.012883202,0.047421154,-0.047896784,0.01267321,-0.027006676,0.015734013,-0.045986038,0.023362007,-0.02170662,0.018393986,0.014803969,-0.038512234,-0.03733841,-0.0117536755,0.053992804,-0.040058058,-0.015323756,-0.008350137,-0.0014131384,-0.011728637,0.02677517,0.008515561,0.014770509,-0.010422326,-0.02231959,0.033155452,0.020485288,-0.04096979,0.029021477,-0.00940821,0.032854438,0.017652633,-0.033847604,0.0085608205,0.03004429,-0.0030085861,0.017943852,0.016221909,-0.0501649,-0.014462823,0.027844198,0.0125280265,0.025552507,0.015084809,-0.01903002,0.032131754,-0.0055479365,0.0135546485,-0.032847803,-0.011347592,-0.024603212,-0.010064954,0.01498771,0.014832278,-0.006649784,0.04275025,-0.015483817,0.040392492,-0.020866435,0.02870709,0.017673971,0.008100285,0.055206046,-0.020106433,0.019556686,0.027482351,-0.01112515,0.027349086,0.03911055,0.012095936,0.03177906,0.02981885,0.048845872,-0.05623482,0.011069651,-4.646444e-05,0.00808405,-0.0058906423,0.0055429917,-0.0047620693,0.021312278,-0.0126597965,-0.024698744,0.018376257,-0.020762928,-0.034565225,0.03767837,-0.030560814,0.0010921851,0.0096096825,0.027482057,-0.028685668,0.0022927604,0.010750054,-0.0036220755,0.07863983,-0.023045233,0.003690908,0.0058671758,-0.019992642,0.031918973,-0.010534717,0.008888546,-0.04138825,0.022165734,-0.014715571,-0.003990435,0.011455004,0.021622444,0.009855698,0.04135214,-0.023086084,-0.016799284,0.0030740697,-0.009845302,5.6430363e-05,-0.0030126492,0.03311423,0.011779028,0.017447887,-0.030484932,0.010173486,-0.027870806,0.022948682,0.06418451,0.03132762,0.039676074,0.061201144,0.0021333003,-0.059678398,0.010936457,0.033010196,-0.037107665,0.024370216,0.0032685727,-0.0130154975,0.01611767,-0.019107502,0.03309986,0.023985354,-0.040265337,0.007101026,0.03436738,-0.043130927,-0.011118372,-0.058324054,0.00093866425,0.030471787,-0.009090479,-0.039394878,0.016337037,0.00045647565,0.010427594,0.023354521,0.014134158,0.003106006,0.0054166927,0.002386817,0.03093603,-0.0036040074,-0.029758265,0.03544829,-0.0059334664,0.0030683973,-0.037957624,0.04242565,0.008133541,0.008763367,0.06303343,0.02217831,-0.02928621,0.012161091,0.027302936,-0.011450106,0.0077064508,0.00013905806,-0.00027824412,-0.032304425,-0.032215945,-0.047721203,-0.0034664592,-0.03088427,-0.013348838,0.0023000524,-0.017106708,0.017811185,0.0049458607,0.05570557,0.018832112,0.0029805747,-0.009756906,-0.0011852608,0.005030787,0.02120518,-0.03436602,-0.007732673,0.028104313,-0.0048788586,0.0059393346,0.0063173054,0.028778581,0.040317755,-0.02235925,0.0063551962,0.04124175,-0.023248395,-0.032963533,0.011484608,-0.007936755,-0.017376063,-0.018092215,-0.03212178,0.02328682,0.012900936,0.015036051,-0.007955449,-0.018626207,0.021160003,0.021789763,0.0040304246,-0.012230559,-0.025731036,0.010198633,0.029923439,0.020819081,-0.008371705,-0.029323686,0.006231744,0.02963117,0.009766155,-0.01146076,-0.020343084,-0.020688718,0.011073727,-0.039560776,-0.0062878197,-0.049331494,-0.0029540283,0.03234647,0.024263162,-0.030233385,-0.009406631,-0.014751284,-0.0015476852,0.027088879,-0.006545783,0.006903784,0.019054841,0.00589439,0.06738212,0.040946353,-0.029409034,0.020837538,-0.011286618,-0.013127008,-0.024055867,0.008982346,0.021519154,0.0107585555,0.0028824871,0.0063523636,-0.007437032,0.018845279,0.015869409,-0.0003641736,0.015406382,-0.011779924,-0.010194632,0.07360861,-0.017357051,0.03119609,0.026393099,-0.004595306,-0.02708899,-0.026821712,-0.042323224,0.008296334,-0.038212698,0.020777715,-0.050823923,0.015023727,-0.042834576,-0.00020849767,0.023151873,0.0065944693,0.024039438,-0.01948647,-0.007049121,-0.015642785,-0.060756937,0.04203209,0.043421898,0.043593228,-0.010979867,-0.008532963,-0.02340436,-0.023937456,-0.035234,-0.013441472,0.011428046,0.022156864,-0.00926771,-0.017355975,-0.008749244,-0.017266974,0.010217915,0.002719943,-0.0006019745,-0.00052482187,0.033799827,-0.043495398,0.015017744,0.031395555,-0.0035753585,-0.01240533,0.0059154206,0.06783855,-0.056215752,-0.0634434,-0.010642391,0.04476653,-0.027979273,0.042831186,-0.004153003,0.0007658785,0.029389907,0.031152785,-0.044940084,0.005443185,0.040590476,-0.041428864,0.010555521,0.023441935,-0.018286468,-0.03688683,-0.024310354,0.024780063,0.015383473,0.0033548581,0.0051329387,-0.016901478,0.025792425,0.063722745,-0.003923414,0.012819661,-0.010623334,0.019096782,-0.048855968,0.008482977,0.009428553,0.011473508,-0.033168096,0.031747453,-0.007745838,-0.0048290472,-0.0005872769,-0.014594583,-0.033215813,0.037602637,-0.003800718,-0.032992788,0.026961537,0.0042429958,0.056783475,-0.009141242,0.025150811,-0.0028317922,0.008050374,0.012943134,0.020389708,-0.015495059,-0.005892796,0.022821823,-0.057476103,0.0016571117,-0.023196882,0.026790332,0.014129305,0.023291618,-0.027613292,-0.038037162,-0.011943662,0.0087518655,0.013095665,0.009096586,-0.010653974,-0.023845892,0.017553676,0.012356426,0.004782036,0.003226295,-0.010066293,-0.00022636919,-0.0009132568,-0.03844147,-0.003929865,0.021237379,0.03204041,-0.028858207,-0.010480695,0.022721527,0.003078865,-0.050016694,0.00075479725,0.009839183,0.019522505,-0.010406571,0.0103031825,0.021542752,-0.0028666947,0.021067059,-0.02045253,-0.0113557335,-0.017836526,-0.03230289,-0.038637985,-0.0019805187,0.005437261,-0.0057195392,-0.009596384,-0.039787743,-0.018521218,-0.028588118,0.008852722,-0.0059330277,0.03617441,0.00069867866,0.03166774,0.0096591385,0.053860277,-0.06269083,0.0068279575,-0.026627675,-0.01314032,-0.020294676,-0.02306199,0.025599372,0.011819092,-0.030302493,0.003647714,-0.007931346,-0.0022850514,-0.023583688,-0.020093156,-0.027808705,0.00629811,0.008449352,0.03498116,0.0012286628,-0.023001015,-0.046785362,-0.021036237,0.0036743535,0.029832765,0.021833444,-0.01616729,-0.032763682,0.022200454,0.0017095776,-0.016734852,0.0033568915,0.029348742,0.018549405,0.0058290334,0.05370322,0.012309334,0.009444097,0.019973654,-0.0001694357,-0.007957583,0.019797344,0.008589567,0.018471135,0.03782735,0.044214193,0.0250118,0.03220877,0.0116370125,-0.00195815,0.019385336,-0.031197177,-0.02337183,-0.029972682,0.02273163,0.021121193,-0.012783353,-0.031960774,0.039524723,0.027108695,0.054456893,-0.0023991338,-0.019146867,-0.0032891522,-0.012346502,0.0069217407,-0.002960748,0.014529725,-0.015520403,0.027375128,-0.014207865,0.023838213,0.040469714,0.017806688,0.00088069204,-0.017042458,0.028835697,-0.02514764,0.03205711,-0.051859733,0.026946593,0.039274838,0.01119177,-0.064122505,-0.012924013,0.00654141,-0.008309613,-0.004880378,0.00289078,-0.009784427,-0.009467288,-0.025192369,-0.021673596,-0.021197401,-0.012889421,-0.015375368,-0.013124677,0.012538437,-0.02393582,0.025536893,0.0042824643,0.021311833,-0.00013206058,0.009113713,-0.051977202,0.027894612,-0.0025253275,-0.031323776,0.005207046,-0.013075389,-0.019715734,0.035752527,-0.05013665,0.026079964,-0.026582232,0.041324347,-0.013328044,0.03502134,-0.0029070475,-0.0002200947,-0.062687404,0.02059481,0.009824208,-0.011792291,-0.031316075,0.004742171,-0.007773313,-0.008866695,-0.025662556,0.05128671,0.04182069,-0.016533365,0.03146244,0.057904523,-0.050181545,0.018163586,0.020737316,0.021181162,0.024082532,0.016815845,0.015514042,-0.005071389,-0.05570812,-0.0017706265,-0.015587523,-0.02135057,-0.0073628714,-0.038957186,0.021003935,-0.011129685,-0.010447297,0.009002625,-0.0011968206,0.041499995,0.03761458,-0.0031565987,0.015855908,0.02953296,-0.0022036736,-0.01838781,0.04284628,-0.029568775,0.00865562,0.0014569844,-0.011374053,-0.0139569165,0.0019810458,0.025326107,-0.038100462,0.018820979,-0.026343804,0.017894553,-0.05740801,-0.03470343,-0.03916587,-0.046266798,0.028390815,-0.013262777,0.0010777599,-0.010724428,0.013456966,0.0021337762,-0.03055962,0.05522643,0.0075967093,0.006601706,-0.005873631,-0.0028517123,-0.031367276,-0.035619274,0.025198476,0.0041333814,-0.021187281,0.06347745,-0.03423773,-0.026472228,0.03849161,-0.0052449717,-0.0045073302,0.027829746,0.021483056,0.009512614,0.016278084,0.0075835986,0.034240708,0.015452837,-0.04034022,-0.04171668,-0.036191132,0.020905353,0.008384268,-0.0138680665,-0.007113812,-0.005195971,0.016968675,0.0016169398,-0.018075185,0.014151562,0.0582656,0.008224164,0.03856645,-0.0502937,0.007998348,0.028796889,0.0012632152,-0.0022133735,-0.012119983,-0.011270139,-0.015079428,0.029190825,-0.03944631,0.011042263,-0.039155673,0.035368253,0.009450129,0.02983288,-0.07287156,-0.05339152,0.033039402,0.030650385,0.007960159,0.017482141,0.024622861,-0.034411058,0.0026942033,-0.0022599814,0.011506935,-0.012155795,0.020822272,-0.0043604556,-0.014995371,-0.016340356,-0.02010549,0.0063121277,0.021543764,0.020434354,-0.014915135,0.051423036,0.030273832,-0.027133688,-0.028364684,-0.026412971,-0.017334692,-0.008520512,-0.026018098,0.02582595,-0.01929701,0.011997583,-0.012143704,0.0053243567,0.033793837,-0.0019313301,0.0297273,0.019822264,0.010942507,-0.010649243,-0.048846196,-0.0022727035,0.00286291,-0.017630745,0.05097927,0.011457058,0.037363842,-0.011259548,0.012553265,-0.028286858,-0.017195242,-0.02578624,0.017286835,-0.031044453,-0.017265575,0.0019608068,0.017614698,-0.009278334,-0.05997095,-0.006598517,-0.064515166,0.014444841,0.014322029,-0.0026357372,0.023422288,-0.0081285415,-0.0081850495,0.02854577,-0.039237414,-0.0235725,-0.02619049,-0.0015296388,-0.02533806,0.0034509804,-0.0138257565,-0.018951023,-0.0099484185,-0.0011046898,-0.028105712,0.009892848,0.008598162,-0.014577859,-0.036849733,0.038196243,0.01518026,-0.01120423,-0.024900775,-0.015205324,-0.0044373395,0.022166722,-0.02424962,0.016150218,-0.01698491,-0.0187061,-0.0057204114,-0.009151928,-0.02322046,-0.0044632866,-0.0013908852,0.013196636,-0.051906712,-0.029310733,0.033858553,-0.027036905,0.0034664837,-0.02866317,0.038175583,-0.004740911,0.024302943,-0.055763148,0.008004078,-0.033563454,0.00065761094,-0.047649924,-0.0078724595,0.008652897,-0.006965695,-0.023053885,0.0332483,0.03247285,0.019880217,-0.00972915,-0.011322503,0.025110247,0.023697933,0.0038324809,-0.010668468,-0.01859374,0.025314322,0.009788319,-0.029760709,0.043699313,-0.03406964,-0.012785511,-0.01389663,-0.004070226,0.012175241,-0.0072135134,1.43683155e-05,0.005328027,0.014194526,0.039025433,0.037361994,0.008373193,0.03770157,0.011682822,0.012157844,-0.043980967,-0.013460992,-0.0068676695,-0.043914072,0.032236777,0.05105154,0.018683754,0.022019492,-0.0027375035,0.014302554,0.0281014,0.028632106,0.034150437,0.051795907,0.02225228,-0.01990036,-0.02701292,0.0040192665,0.0036631702,-0.008569548,-0.010450728,-0.03884281,-0.0036651355,-0.005379114,0.008753173,-0.01769833,-0.01355399,0.0009828191,0.00827485,0.060930323,0.018904272,0.0012275397,0.006973653,-0.011115435,-0.02739435,0.054399297,0.02821322,0.029882664,-0.013508811,0.01229524,0.0028006104,-0.031843193,0.0028316164,0.029944528,0.01948357,0.050189186,-0.011190288,0.0020309428,-0.021538306,0.0104475,0.0071263537,0.010287006,0.011348394,-0.00956815,-0.020287862,0.041646965,0.03920795,-0.009305628,-0.0069379928,-0.0029402468,0.041786987,0.024949528,-0.0039042025,0.042209834,0.0013432044,-0.004505915,0.005677716,0.016455492,0.0319299,0.033955447,-0.0015328376,-0.04236002,-0.0075153355,-0.007426482,-0.0057857563,0.00023743747,-0.007116489,-0.043130934,-0.0033571667,0.029150791,0.005364101,-0.031999838,0.010950777,-0.06118394,-0.007934643,0.014921042,-0.043665625,0.016047172,-0.042857375,0.0063815927,-0.0014437339,-0.014177781,0.0030398348,0.010153454,-0.020651817,0.021762855,0.006221677,-0.007892658,0.009500136,-0.036051575,-0.026204618,0.020511664,0.0033066946,-0.053449485,0.020477617,0.007512085,0.009804332,-0.0068660844,-0.044364456,0.020091087,0.049417827,0.0112552615,-0.019701548,0.0066150343,0.011500162,-0.029631797,0.02590438,-0.0067266393,0.034146134,-0.010267461,0.0044388883,0.0055499533,0.022832096,0.024370167,-0.0020629151,-0.01720657,0.05315505,0.005533739,-0.0019454452,-0.047034424,0.006566639,-0.010757104,-0.025798654,0.0059186905,-0.017328236,0.021518057,-0.019549536,0.0016547353,-0.028818162,-0.03117081,-0.0009256492,-0.00452434,0.045434464,0.06893189,-0.027010633,-0.011236636,-0.029365283,-0.0046173413,-0.03835193,-0.04929184,0.01507263,0.011018323,0.0036323133,-0.04263309,-0.016648421,0.0046281167,0.044532645,1.5042312e-05,-0.022062194,-0.046269912,-0.0264507,-0.03521661,0.008532555,0.03229051,0.026805175,-0.03463904,0.027436148,-0.04574313,-0.01409459,-0.009229541,-0.031591814,0.020215033,-0.002255011,0.019918364,-0.00020367507,-0.015001146,-0.03645192,-0.026839532,-0.028129963,0.0017624518,0.02855901,0.03145192,-0.008487597,0.043501392,0.0020974048,0.039014522,0.011312688,-0.0011093261,-0.0058785286,0.019280473,-0.021515273,0.0485953,0.009022436,0.004533818,-0.027769031,0.010274276,-0.021339765,-0.015002466,0.038149823,-0.015454192,0.031155054,0.012865535,-0.023835162,0.012614454,0.013493261,-0.050123237,-0.0098103145,-0.0024356442,-0.033063088,0.019392986,-0.0032581752,-0.047084246,-0.016078798,0.039050847,-0.0068486733,-0.003411815,0.0019299522,-0.0141566275,-0.017572815,0.026107257,0.006616394,-0.01664849,0.003708398,0.024963196,0.035702247,-0.030687688,0.02670004,0.02317695,0.030797029,-0.04001197,-0.020676298,-0.017103322,0.03907003,0.011473469,-0.013179492,-0.017220886,-0.06569067,0.0110289045,0.013408752,0.0035268504,0.023560409,-0.02169459,-0.021569908,0.018326877,0.02920058,-0.0010832013,9.750998e-06,-0.025556047,-0.0059870784,-0.0068985526,-0.014498176,-0.015601458,0.028203603,0.03700114,0.030625494,0.0062835137,-0.022143574,-0.009612844,0.03987205,-0.010701388,0.051838413,8.630446e-05,0.019139385,-0.011903376,0.0037855085,-0.0058040153,0.03652177,-0.008998863,-0.007975033,-0.003394218,-0.04718929,0.03077445,-0.008127596,0.008249816,-0.027041817,-0.09413592,0.000100792226,0.03312137,-0.016686881,-0.008393136,-0.012730067,0.016565882,0.01923095,0.013623129,0.03296517,0.0078025,0.007443577,0.038352128,-0.04041922,0.0023617847,-0.019638196,-0.04972982,-0.043373376,0.0061749616,0.03776877,-0.048422117,-0.027589463,0.03782436,0.037202492,-0.0072875223,-0.034361273,-0.0105445655,0.015149567,0.0061387345,-0.048044257,-0.0068739555,0.002183629,-0.0071769548,-0.04743596,-0.060791943,0.031338636,0.015567654,0.024911094,0.017708097,0.0015064741,0.0038446968,0.005018807,-0.004852265,-0.009514247,0.004774692,-0.01417304,0.03358391,0.033398587,-0.0052614287,-0.007301367,0.040532783,0.011623008,0.009084522,-0.043436404,0.010565178,0.0058695897,-0.01011706,0.011689459,-0.019309923,0.011540916,-0.018777257,0.01880739,-0.0282418,0.04086539,0.012765491,-0.011348863,-0.008784504,0.021621887,0.0034852028,0.018086718,-0.025661934,0.014374383,-0.010923537,0.028046746,0.018072808,0.03383236,0.034628127,-0.002756499,0.017529164,0.01639985,0.019012637,0.008910281,-0.023919422,0.027141409,0.028154021,-0.011849033,0.002634708,0.010477808,-0.022906795,0.009747993,0.023867285,-0.022258136,0.03194767,-0.011145202,0.0097478,-0.038546693,-0.042118467,0.013726453,-0.04193015,-0.017439032,-0.038021293,0.024195747,0.037106387,0.02214178,0.0063647097,0.041029423,-0.005634292,0.032589264,0.017874196,0.012322809,0.054883506,-0.007906659,-0.0026768642,-0.026015908,-0.018184034,-0.029403675,-0.014808705,0.0008127952,-0.024461204,0.034541424,-0.0015595664,-0.0044350666,0.014542283,-0.006923134,-0.020133404,0.01869031,0.011344836,-0.020899845,-0.020092314,0.013960637,0.016903901,-0.008724727,0.023675725,-0.030447815,0.040487386,0.030276766,-0.025732007,0.028975207,0.04251862,-0.009643048,0.036354255,0.01769363,-0.0089631295,0.025698122,0.0048336266,-0.017040696,0.042019345,-0.03181229,-0.02033638,-0.03718769,0.01442699,-0.057336833,0.055800594,-0.041933604,-0.037280776,0.013195127,-0.014439067,-0.011218265,-0.00084837485,-0.0032414668,-0.010773638,0.046829853,-0.00132304,0.0010947925,-0.020061878,0.06594468,0.009728487,0.008210072,-0.04091555,-0.033522964,0.020844098,0.021922067,-0.0663931,-0.04667659,0.034788013,-0.0145956995,0.019228578,0.023774533,0.02809876,-0.0033634491,0.016190741,-0.04060613,0.008386643,-0.007913112,0.014576099,0.003538656,0.00041009637,-0.024622902,-0.02101659,-0.036380928,0.02978309,0.009234145,0.029613659,0.02189987,-0.012213769,-0.026915353,0.0046402076,-0.006296922,-0.015178914,-0.032170754,0.009208867,-0.014370174,0.040229343,0.02184861,0.008436127,0.035917487,0.0102776885,0.024647819,0.027552096,0.020012042,0.00898849,0.019757934,0.015643487,0.030926807,-0.0018866842,0.02637399,0.01987107,0.012194352,0.023893401,0.00993414,0.0541149,-0.031822447,0.0019722902,-0.015621821,0.002874536,-0.027824497,0.009422401,-0.010313394,-0.04511412,0.059380718,-0.019948136,0.008666737,-0.024073385,-0.029421132,0.01541776,-0.029816082,-0.018727759,-0.007663372,-0.004282914,0.029790487,-0.0073633925,0.036665242,0.0005839401,0.032489058,-0.0010108585,-0.035510123,-0.019606046,0.044124324,-0.01906188,0.04066297,-0.0117336055,0.022484083,0.030864993,0.018324953,0.014654026,-0.01869982,-0.004527697,-0.003427131,0.025266314,-0.002758453,0.008779567,-0.019387908,-0.024776995,-0.0053059524,0.0044742343,0.011186991,-0.016177027,-0.015304803,-0.04041897,-0.046555914,-0.02704653,-0.010384574,0.005552293,0.039031174,0.009101905,-0.011518109,-0.036881562,0.030220838,0.004372975,0.036849942,-0.034028642,0.036336936,0.067994155,0.012389198,0.012381766,-0.03223036,-0.028940719,-0.022064446,0.0007240419,0.027843315,-0.007831937,0.0046974514,-0.012226307,-0.00932646,0.010472662,0.017704358,-0.0011735801,-0.027662585,-0.008732545,-0.036585305,-0.031542707,-0.011543936,0.010206014,-0.025353637,-0.064010955,-0.033095744,0.023161884,-0.023132712,-0.006300449,0.042766154,-0.027749214,0.021536585,0.014466153,0.030470544,0.022985019,0.016249264,0.01940915,-0.012279125]'::vector))
        Sort Method: top-N heapsort  Memory: 36kB
              Output: entity_type, entity_id, (embedding <=> '[-0.005398084,-0.010717968,-0.00043615865,-0.004086855,0.0076670805,-0.009689519,-0.011036994,0.0017538306,0.014145326,0.012133619,1.7435717e-05,-0.01427656,-0.0045690574,-0.002443912,-0.051007036,0.017959751,0.009130137,0.013857509,0.06965784,-0.010600744,0.014970777,0.011362837,-0.030558527,-0.03361119,0.011096129,-0.020206356,-0.03728014,-0.03636417,-0.010090212,-0.012477153,-0.013937651,-0.01555284,-0.011921495,0.013823498,0.005730506,0.014048239,0.013836069,-0.018769225,0.034490664,0.037359916,-0.023989597,-0.0026207317,0.0057770624,0.003793,-0.023799818,-0.032333568,-0.03934847,0.023672247,0.023749761,-0.016911939,0.008426664,-0.0010376973,-0.034532588,0.037427805,-0.010807021,0.0086071165,-0.014450598,0.05015594,-0.017707603,0.046900775,0.007654108,0.03892767,0.0023472682,-0.034466997,-0.062153377,0.031762276,0.007474007,-0.03730425,0.020921187,-0.07517825,-0.012611306,-0.0256358,-0.0018709586,-0.0069517484,0.033023298,-0.014727483,-1.3668121e-05,-0.010149439,-0.031053374,0.00576576,-0.0062079807,0.041566268,0.024604084,0.008256223,-0.01611318,0.002629228,0.040449232,0.011035446,-0.0055908165,0.05777624,0.0089719985,0.007655728,-0.0061398405,-0.0025973252,-0.0033913015,-0.025337145,-0.01596498,0.017505808,-0.03702161,-0.005999915,-0.018374054,0.03991701,-0.03731535,0.038580317,-0.06521312,0.022251217,-0.02291533,0.016967982,0.026892496,-0.0022765414,-0.037794825,-0.014107604,0.014282275,0.00091969984,0.002259023,-7.9105535e-05,0.0023647633,-0.016058642,-0.015872594,-0.023214152,0.012779341,0.013089779,-0.008578465,-0.016255908,0.008201486,-0.0071078464,-0.0078230975,-0.013042155,-0.015365421,0.029240446,-0.001683307,-0.012883202,0.047421154,-0.047896784,0.01267321,-0.027006676,0.015734013,-0.045986038,0.023362007,-0.02170662,0.018393986,0.014803969,-0.038512234,-0.03733841,-0.0117536755,0.053992804,-0.040058058,-0.015323756,-0.008350137,-0.0014131384,-0.011728637,0.02677517,0.008515561,0.014770509,-0.010422326,-0.02231959,0.033155452,0.020485288,-0.04096979,0.029021477,-0.00940821,0.032854438,0.017652633,-0.033847604,0.0085608205,0.03004429,-0.0030085861,0.017943852,0.016221909,-0.0501649,-0.014462823,0.027844198,0.0125280265,0.025552507,0.015084809,-0.01903002,0.032131754,-0.0055479365,0.0135546485,-0.032847803,-0.011347592,-0.024603212,-0.010064954,0.01498771,0.014832278,-0.006649784,0.04275025,-0.015483817,0.040392492,-0.020866435,0.02870709,0.017673971,0.008100285,0.055206046,-0.020106433,0.019556686,0.027482351,-0.01112515,0.027349086,0.03911055,0.012095936,0.03177906,0.02981885,0.048845872,-0.05623482,0.011069651,-4.646444e-05,0.00808405,-0.0058906423,0.0055429917,-0.0047620693,0.021312278,-0.0126597965,-0.024698744,0.018376257,-0.020762928,-0.034565225,0.03767837,-0.030560814,0.0010921851,0.0096096825,0.027482057,-0.028685668,0.0022927604,0.010750054,-0.0036220755,0.07863983,-0.023045233,0.003690908,0.0058671758,-0.019992642,0.031918973,-0.010534717,0.008888546,-0.04138825,0.022165734,-0.014715571,-0.003990435,0.011455004,0.021622444,0.009855698,0.04135214,-0.023086084,-0.016799284,0.0030740697,-0.009845302,5.6430363e-05,-0.0030126492,0.03311423,0.011779028,0.017447887,-0.030484932,0.010173486,-0.027870806,0.022948682,0.06418451,0.03132762,0.039676074,0.061201144,0.0021333003,-0.059678398,0.010936457,0.033010196,-0.037107665,0.024370216,0.0032685727,-0.0130154975,0.01611767,-0.019107502,0.03309986,0.023985354,-0.040265337,0.007101026,0.03436738,-0.043130927,-0.011118372,-0.058324054,0.00093866425,0.030471787,-0.009090479,-0.039394878,0.016337037,0.00045647565,0.010427594,0.023354521,0.014134158,0.003106006,0.0054166927,0.002386817,0.03093603,-0.0036040074,-0.029758265,0.03544829,-0.0059334664,0.0030683973,-0.037957624,0.04242565,0.008133541,0.008763367,0.06303343,0.02217831,-0.02928621,0.012161091,0.027302936,-0.011450106,0.0077064508,0.00013905806,-0.00027824412,-0.032304425,-0.032215945,-0.047721203,-0.0034664592,-0.03088427,-0.013348838,0.0023000524,-0.017106708,0.017811185,0.0049458607,0.05570557,0.018832112,0.0029805747,-0.009756906,-0.0011852608,0.005030787,0.02120518,-0.03436602,-0.007732673,0.028104313,-0.0048788586,0.0059393346,0.0063173054,0.028778581,0.040317755,-0.02235925,0.0063551962,0.04124175,-0.023248395,-0.032963533,0.011484608,-0.007936755,-0.017376063,-0.018092215,-0.03212178,0.02328682,0.012900936,0.015036051,-0.007955449,-0.018626207,0.021160003,0.021789763,0.0040304246,-0.012230559,-0.025731036,0.010198633,0.029923439,0.020819081,-0.008371705,-0.029323686,0.006231744,0.02963117,0.009766155,-0.01146076,-0.020343084,-0.020688718,0.011073727,-0.039560776,-0.0062878197,-0.049331494,-0.0029540283,0.03234647,0.024263162,-0.030233385,-0.009406631,-0.014751284,-0.0015476852,0.027088879,-0.006545783,0.006903784,0.019054841,0.00589439,0.06738212,0.040946353,-0.029409034,0.020837538,-0.011286618,-0.013127008,-0.024055867,0.008982346,0.021519154,0.0107585555,0.0028824871,0.0063523636,-0.007437032,0.018845279,0.015869409,-0.0003641736,0.015406382,-0.011779924,-0.010194632,0.07360861,-0.017357051,0.03119609,0.026393099,-0.004595306,-0.02708899,-0.026821712,-0.042323224,0.008296334,-0.038212698,0.020777715,-0.050823923,0.015023727,-0.042834576,-0.00020849767,0.023151873,0.0065944693,0.024039438,-0.01948647,-0.007049121,-0.015642785,-0.060756937,0.04203209,0.043421898,0.043593228,-0.010979867,-0.008532963,-0.02340436,-0.023937456,-0.035234,-0.013441472,0.011428046,0.022156864,-0.00926771,-0.017355975,-0.008749244,-0.017266974,0.010217915,0.002719943,-0.0006019745,-0.00052482187,0.033799827,-0.043495398,0.015017744,0.031395555,-0.0035753585,-0.01240533,0.0059154206,0.06783855,-0.056215752,-0.0634434,-0.010642391,0.04476653,-0.027979273,0.042831186,-0.004153003,0.0007658785,0.029389907,0.031152785,-0.044940084,0.005443185,0.040590476,-0.041428864,0.010555521,0.023441935,-0.018286468,-0.03688683,-0.024310354,0.024780063,0.015383473,0.0033548581,0.0051329387,-0.016901478,0.025792425,0.063722745,-0.003923414,0.012819661,-0.010623334,0.019096782,-0.048855968,0.008482977,0.009428553,0.011473508,-0.033168096,0.031747453,-0.007745838,-0.0048290472,-0.0005872769,-0.014594583,-0.033215813,0.037602637,-0.003800718,-0.032992788,0.026961537,0.0042429958,0.056783475,-0.009141242,0.025150811,-0.0028317922,0.008050374,0.012943134,0.020389708,-0.015495059,-0.005892796,0.022821823,-0.057476103,0.0016571117,-0.023196882,0.026790332,0.014129305,0.023291618,-0.027613292,-0.038037162,-0.011943662,0.0087518655,0.013095665,0.009096586,-0.010653974,-0.023845892,0.017553676,0.012356426,0.004782036,0.003226295,-0.010066293,-0.00022636919,-0.0009132568,-0.03844147,-0.003929865,0.021237379,0.03204041,-0.028858207,-0.010480695,0.022721527,0.003078865,-0.050016694,0.00075479725,0.009839183,0.019522505,-0.010406571,0.0103031825,0.021542752,-0.0028666947,0.021067059,-0.02045253,-0.0113557335,-0.017836526,-0.03230289,-0.038637985,-0.0019805187,0.005437261,-0.0057195392,-0.009596384,-0.039787743,-0.018521218,-0.028588118,0.008852722,-0.0059330277,0.03617441,0.00069867866,0.03166774,0.0096591385,0.053860277,-0.06269083,0.0068279575,-0.026627675,-0.01314032,-0.020294676,-0.02306199,0.025599372,0.011819092,-0.030302493,0.003647714,-0.007931346,-0.0022850514,-0.023583688,-0.020093156,-0.027808705,0.00629811,0.008449352,0.03498116,0.0012286628,-0.023001015,-0.046785362,-0.021036237,0.0036743535,0.029832765,0.021833444,-0.01616729,-0.032763682,0.022200454,0.0017095776,-0.016734852,0.0033568915,0.029348742,0.018549405,0.0058290334,0.05370322,0.012309334,0.009444097,0.019973654,-0.0001694357,-0.007957583,0.019797344,0.008589567,0.018471135,0.03782735,0.044214193,0.0250118,0.03220877,0.0116370125,-0.00195815,0.019385336,-0.031197177,-0.02337183,-0.029972682,0.02273163,0.021121193,-0.012783353,-0.031960774,0.039524723,0.027108695,0.054456893,-0.0023991338,-0.019146867,-0.0032891522,-0.012346502,0.0069217407,-0.002960748,0.014529725,-0.015520403,0.027375128,-0.014207865,0.023838213,0.040469714,0.017806688,0.00088069204,-0.017042458,0.028835697,-0.02514764,0.03205711,-0.051859733,0.026946593,0.039274838,0.01119177,-0.064122505,-0.012924013,0.00654141,-0.008309613,-0.004880378,0.00289078,-0.009784427,-0.009467288,-0.025192369,-0.021673596,-0.021197401,-0.012889421,-0.015375368,-0.013124677,0.012538437,-0.02393582,0.025536893,0.0042824643,0.021311833,-0.00013206058,0.009113713,-0.051977202,0.027894612,-0.0025253275,-0.031323776,0.005207046,-0.013075389,-0.019715734,0.035752527,-0.05013665,0.026079964,-0.026582232,0.041324347,-0.013328044,0.03502134,-0.0029070475,-0.0002200947,-0.062687404,0.02059481,0.009824208,-0.011792291,-0.031316075,0.004742171,-0.007773313,-0.008866695,-0.025662556,0.05128671,0.04182069,-0.016533365,0.03146244,0.057904523,-0.050181545,0.018163586,0.020737316,0.021181162,0.024082532,0.016815845,0.015514042,-0.005071389,-0.05570812,-0.0017706265,-0.015587523,-0.02135057,-0.0073628714,-0.038957186,0.021003935,-0.011129685,-0.010447297,0.009002625,-0.0011968206,0.041499995,0.03761458,-0.0031565987,0.015855908,0.02953296,-0.0022036736,-0.01838781,0.04284628,-0.029568775,0.00865562,0.0014569844,-0.011374053,-0.0139569165,0.0019810458,0.025326107,-0.038100462,0.018820979,-0.026343804,0.017894553,-0.05740801,-0.03470343,-0.03916587,-0.046266798,0.028390815,-0.013262777,0.0010777599,-0.010724428,0.013456966,0.0021337762,-0.03055962,0.05522643,0.0075967093,0.006601706,-0.005873631,-0.0028517123,-0.031367276,-0.035619274,0.025198476,0.0041333814,-0.021187281,0.06347745,-0.03423773,-0.026472228,0.03849161,-0.0052449717,-0.0045073302,0.027829746,0.021483056,0.009512614,0.016278084,0.0075835986,0.034240708,0.015452837,-0.04034022,-0.04171668,-0.036191132,0.020905353,0.008384268,-0.0138680665,-0.007113812,-0.005195971,0.016968675,0.0016169398,-0.018075185,0.014151562,0.0582656,0.008224164,0.03856645,-0.0502937,0.007998348,0.028796889,0.0012632152,-0.0022133735,-0.012119983,-0.011270139,-0.015079428,0.029190825,-0.03944631,0.011042263,-0.039155673,0.035368253,0.009450129,0.02983288,-0.07287156,-0.05339152,0.033039402,0.030650385,0.007960159,0.017482141,0.024622861,-0.034411058,0.0026942033,-0.0022599814,0.011506935,-0.012155795,0.020822272,-0.0043604556,-0.014995371,-0.016340356,-0.02010549,0.0063121277,0.021543764,0.020434354,-0.014915135,0.051423036,0.030273832,-0.027133688,-0.028364684,-0.026412971,-0.017334692,-0.008520512,-0.026018098,0.02582595,-0.01929701,0.011997583,-0.012143704,0.0053243567,0.033793837,-0.0019313301,0.0297273,0.019822264,0.010942507,-0.010649243,-0.048846196,-0.0022727035,0.00286291,-0.017630745,0.05097927,0.011457058,0.037363842,-0.011259548,0.012553265,-0.028286858,-0.017195242,-0.02578624,0.017286835,-0.031044453,-0.017265575,0.0019608068,0.017614698,-0.009278334,-0.05997095,-0.006598517,-0.064515166,0.014444841,0.014322029,-0.0026357372,0.023422288,-0.0081285415,-0.0081850495,0.02854577,-0.039237414,-0.0235725,-0.02619049,-0.0015296388,-0.02533806,0.0034509804,-0.0138257565,-0.018951023,-0.0099484185,-0.0011046898,-0.028105712,0.009892848,0.008598162,-0.014577859,-0.036849733,0.038196243,0.01518026,-0.01120423,-0.024900775,-0.015205324,-0.0044373395,0.022166722,-0.02424962,0.016150218,-0.01698491,-0.0187061,-0.0057204114,-0.009151928,-0.02322046,-0.0044632866,-0.0013908852,0.013196636,-0.051906712,-0.029310733,0.033858553,-0.027036905,0.0034664837,-0.02866317,0.038175583,-0.004740911,0.024302943,-0.055763148,0.008004078,-0.033563454,0.00065761094,-0.047649924,-0.0078724595,0.008652897,-0.006965695,-0.023053885,0.0332483,0.03247285,0.019880217,-0.00972915,-0.011322503,0.025110247,0.023697933,0.0038324809,-0.010668468,-0.01859374,0.025314322,0.009788319,-0.029760709,0.043699313,-0.03406964,-0.012785511,-0.01389663,-0.004070226,0.012175241,-0.0072135134,1.43683155e-05,0.005328027,0.014194526,0.039025433,0.037361994,0.008373193,0.03770157,0.011682822,0.012157844,-0.043980967,-0.013460992,-0.0068676695,-0.043914072,0.032236777,0.05105154,0.018683754,0.022019492,-0.0027375035,0.014302554,0.0281014,0.028632106,0.034150437,0.051795907,0.02225228,-0.01990036,-0.02701292,0.0040192665,0.0036631702,-0.008569548,-0.010450728,-0.03884281,-0.0036651355,-0.005379114,0.008753173,-0.01769833,-0.01355399,0.0009828191,0.00827485,0.060930323,0.018904272,0.0012275397,0.006973653,-0.011115435,-0.02739435,0.054399297,0.02821322,0.029882664,-0.013508811,0.01229524,0.0028006104,-0.031843193,0.0028316164,0.029944528,0.01948357,0.050189186,-0.011190288,0.0020309428,-0.021538306,0.0104475,0.0071263537,0.010287006,0.011348394,-0.00956815,-0.020287862,0.041646965,0.03920795,-0.009305628,-0.0069379928,-0.0029402468,0.041786987,0.024949528,-0.0039042025,0.042209834,0.0013432044,-0.004505915,0.005677716,0.016455492,0.0319299,0.033955447,-0.0015328376,-0.04236002,-0.0075153355,-0.007426482,-0.0057857563,0.00023743747,-0.007116489,-0.043130934,-0.0033571667,0.029150791,0.005364101,-0.031999838,0.010950777,-0.06118394,-0.007934643,0.014921042,-0.043665625,0.016047172,-0.042857375,0.0063815927,-0.0014437339,-0.014177781,0.0030398348,0.010153454,-0.020651817,0.021762855,0.006221677,-0.007892658,0.009500136,-0.036051575,-0.026204618,0.020511664,0.0033066946,-0.053449485,0.020477617,0.007512085,0.009804332,-0.0068660844,-0.044364456,0.020091087,0.049417827,0.0112552615,-0.019701548,0.0066150343,0.011500162,-0.029631797,0.02590438,-0.0067266393,0.034146134,-0.010267461,0.0044388883,0.0055499533,0.022832096,0.024370167,-0.0020629151,-0.01720657,0.05315505,0.005533739,-0.0019454452,-0.047034424,0.006566639,-0.010757104,-0.025798654,0.0059186905,-0.017328236,0.021518057,-0.019549536,0.0016547353,-0.028818162,-0.03117081,-0.0009256492,-0.00452434,0.045434464,0.06893189,-0.027010633,-0.011236636,-0.029365283,-0.0046173413,-0.03835193,-0.04929184,0.01507263,0.011018323,0.0036323133,-0.04263309,-0.016648421,0.0046281167,0.044532645,1.5042312e-05,-0.022062194,-0.046269912,-0.0264507,-0.03521661,0.008532555,0.03229051,0.026805175,-0.03463904,0.027436148,-0.04574313,-0.01409459,-0.009229541,-0.031591814,0.020215033,-0.002255011,0.019918364,-0.00020367507,-0.015001146,-0.03645192,-0.026839532,-0.028129963,0.0017624518,0.02855901,0.03145192,-0.008487597,0.043501392,0.0020974048,0.039014522,0.011312688,-0.0011093261,-0.0058785286,0.019280473,-0.021515273,0.0485953,0.009022436,0.004533818,-0.027769031,0.010274276,-0.021339765,-0.015002466,0.038149823,-0.015454192,0.031155054,0.012865535,-0.023835162,0.012614454,0.013493261,-0.050123237,-0.0098103145,-0.0024356442,-0.033063088,0.019392986,-0.0032581752,-0.047084246,-0.016078798,0.039050847,-0.0068486733,-0.003411815,0.0019299522,-0.0141566275,-0.017572815,0.026107257,0.006616394,-0.01664849,0.003708398,0.024963196,0.035702247,-0.030687688,0.02670004,0.02317695,0.030797029,-0.04001197,-0.020676298,-0.017103322,0.03907003,0.011473469,-0.013179492,-0.017220886,-0.06569067,0.0110289045,0.013408752,0.0035268504,0.023560409,-0.02169459,-0.021569908,0.018326877,0.02920058,-0.0010832013,9.750998e-06,-0.025556047,-0.0059870784,-0.0068985526,-0.014498176,-0.015601458,0.028203603,0.03700114,0.030625494,0.0062835137,-0.022143574,-0.009612844,0.03987205,-0.010701388,0.051838413,8.630446e-05,0.019139385,-0.011903376,0.0037855085,-0.0058040153,0.03652177,-0.008998863,-0.007975033,-0.003394218,-0.04718929,0.03077445,-0.008127596,0.008249816,-0.027041817,-0.09413592,0.000100792226,0.03312137,-0.016686881,-0.008393136,-0.012730067,0.016565882,0.01923095,0.013623129,0.03296517,0.0078025,0.007443577,0.038352128,-0.04041922,0.0023617847,-0.019638196,-0.04972982,-0.043373376,0.0061749616,0.03776877,-0.048422117,-0.027589463,0.03782436,0.037202492,-0.0072875223,-0.034361273,-0.0105445655,0.015149567,0.0061387345,-0.048044257,-0.0068739555,0.002183629,-0.0071769548,-0.04743596,-0.060791943,0.031338636,0.015567654,0.024911094,0.017708097,0.0015064741,0.0038446968,0.005018807,-0.004852265,-0.009514247,0.004774692,-0.01417304,0.03358391,0.033398587,-0.0052614287,-0.007301367,0.040532783,0.011623008,0.009084522,-0.043436404,0.010565178,0.0058695897,-0.01011706,0.011689459,-0.019309923,0.011540916,-0.018777257,0.01880739,-0.0282418,0.04086539,0.012765491,-0.011348863,-0.008784504,0.021621887,0.0034852028,0.018086718,-0.025661934,0.014374383,-0.010923537,0.028046746,0.018072808,0.03383236,0.034628127,-0.002756499,0.017529164,0.01639985,0.019012637,0.008910281,-0.023919422,0.027141409,0.028154021,-0.011849033,0.002634708,0.010477808,-0.022906795,0.009747993,0.023867285,-0.022258136,0.03194767,-0.011145202,0.0097478,-0.038546693,-0.042118467,0.013726453,-0.04193015,-0.017439032,-0.038021293,0.024195747,0.037106387,0.02214178,0.0063647097,0.041029423,-0.005634292,0.032589264,0.017874196,0.012322809,0.054883506,-0.007906659,-0.0026768642,-0.026015908,-0.018184034,-0.029403675,-0.014808705,0.0008127952,-0.024461204,0.034541424,-0.0015595664,-0.0044350666,0.014542283,-0.006923134,-0.020133404,0.01869031,0.011344836,-0.020899845,-0.020092314,0.013960637,0.016903901,-0.008724727,0.023675725,-0.030447815,0.040487386,0.030276766,-0.025732007,0.028975207,0.04251862,-0.009643048,0.036354255,0.01769363,-0.0089631295,0.025698122,0.0048336266,-0.017040696,0.042019345,-0.03181229,-0.02033638,-0.03718769,0.01442699,-0.057336833,0.055800594,-0.041933604,-0.037280776,0.013195127,-0.014439067,-0.011218265,-0.00084837485,-0.0032414668,-0.010773638,0.046829853,-0.00132304,0.0010947925,-0.020061878,0.06594468,0.009728487,0.008210072,-0.04091555,-0.033522964,0.020844098,0.021922067,-0.0663931,-0.04667659,0.034788013,-0.0145956995,0.019228578,0.023774533,0.02809876,-0.0033634491,0.016190741,-0.04060613,0.008386643,-0.007913112,0.014576099,0.003538656,0.00041009637,-0.024622902,-0.02101659,-0.036380928,0.02978309,0.009234145,0.029613659,0.02189987,-0.012213769,-0.026915353,0.0046402076,-0.006296922,-0.015178914,-0.032170754,0.009208867,-0.014370174,0.040229343,0.02184861,0.008436127,0.035917487,0.0102776885,0.024647819,0.027552096,0.020012042,0.00898849,0.019757934,0.015643487,0.030926807,-0.0018866842,0.02637399,0.01987107,0.012194352,0.023893401,0.00993414,0.0541149,-0.031822447,0.0019722902,-0.015621821,0.002874536,-0.027824497,0.009422401,-0.010313394,-0.04511412,0.059380718,-0.019948136,0.008666737,-0.024073385,-0.029421132,0.01541776,-0.029816082,-0.018727759,-0.007663372,-0.004282914,0.029790487,-0.0073633925,0.036665242,0.0005839401,0.032489058,-0.0010108585,-0.035510123,-0.019606046,0.044124324,-0.01906188,0.04066297,-0.0117336055,0.022484083,0.030864993,0.018324953,0.014654026,-0.01869982,-0.004527697,-0.003427131,0.025266314,-0.002758453,0.008779567,-0.019387908,-0.024776995,-0.0053059524,0.0044742343,0.011186991,-0.016177027,-0.015304803,-0.04041897,-0.046555914,-0.02704653,-0.010384574,0.005552293,0.039031174,0.009101905,-0.011518109,-0.036881562,0.030220838,0.004372975,0.036849942,-0.034028642,0.036336936,0.067994155,0.012389198,0.012381766,-0.03223036,-0.028940719,-0.022064446,0.0007240419,0.027843315,-0.007831937,0.0046974514,-0.012226307,-0.00932646,0.010472662,0.017704358,-0.0011735801,-0.027662585,-0.008732545,-0.036585305,-0.031542707,-0.011543936,0.010206014,-0.025353637,-0.064010955,-0.033095744,0.023161884,-0.023132712,-0.006300449,0.042766154,-0.027749214,0.021536585,0.014466153,0.030470544,0.022985019,0.016249264,0.01940915,-0.012279125]'::vector)
              Recheck Cond: (content_chunks.user_id = 'df457bfe-df35-9dcc-12c8-2402a7cae8d2'::uuid)
              Heap Blocks: exact=3621
              Buffers: shared hit=83629 read=19
              ->  Bitmap Index Scan on ix_content_chunks_user_id  (cost=0.00..219.58 rows=19621 width=0) (actual time=0.679..0.679 rows=20000.00 loops=1)
                    Index Cond: (content_chunks.user_id = 'df457bfe-df35-9dcc-12c8-2402a7cae8d2'::uuid)
                    Index Searches: 1
                    Buffers: shared read=19
Query Identifier: -2977423554485690283
Planning:
  Buffers: shared hit=66 read=1
Planning Time: 0.198 ms
